P1: 2 solves; P2: 2; trial: 1
5.450301162438224 	5.600104529949854 	5.351290296415316 	5.681236796230075
5.116194818651392 	5.519373782350367 	4.89038453237578 	5.72414621894978
4.7860497794268255 	5.363000958823124 	4.754016159546062 	5.543550535727297
4.311074867528617 	5.218597494716519 	4.679361368478707 	5.086923265350027
3.7643797831145167 	5.001956829763937 	4.487193477111 	4.251153211250715
2.9431309932900267 	4.550577173039208 	4.451182936284602 	2.928802617762581
1.8734176553352948 	4.037670730942092 	4.619806675930495 	1.3589001298797831
1.0623277044516322 	3.7464182778141786 	4.866626634690457 	-0.7266503253155957
-0.23468299127834832 	3.560688149789026 	5.697733570564465 	-1.3029053833434832
-0.9190028075753387 	3.9858691093290024 	7.5131900095832105 	-1.9714269450248914
-2.4281655197824947 	5.42907988257125 	7.2870047707201815 	-3.0818339043074534
-2.5836460618154695 	6.237882145251027 	6.07024091601027 	-2.4671446156959846
-2.2585031033568024 	4.8897442500520185 	5.84684726221708 	-2.8214565414524673
-1.9539923152782566 	4.347953087324667 	7.794445518269493 	-3.5049016900449432
-1.639121480266555 	4.186194576623018 	12.807907886913846 	-4.123892197974517
-1.2322639911162703 	4.24521789406645 	19.79085808902933 	-3.907790794525737
-1.1029886521565975 	4.518171115072077 	40.18733269961608 	-4.3446950616588715
-1.1201410569007775 	4.368082967398372 	75.33605215952306 	-4.122088580804598
-1.5520892270851059 	4.476580871141659 	Inf 	-3.9240799583536123
-1.8821587433824876 	5.03244568081504 	Inf 	-3.7959184596127664
-2.467912834443385 	5.176622426646063 	Inf 	-3.8253848259051546
-3.3839926782709453 	6.498021723577175 	Inf 	-3.812368862785488
-3.6048550958587575 	7.503504762627688 	Inf 	-3.8585811042409826
-4.723594570408446 	8.140654536391258 	Inf 	-4.0609469906063955
-4.519581701569566 	9.234548446347844 	Inf 	-4.141257857939816
-4.906613846359482 	11.22706311078675 	Inf 	-4.221979291574267
1.0115375476714101 	15.999417421997038 	Inf 	-4.332887400077773
0.17237122045918998 	19.043039965057645 	Inf 	-4.417385939940015
2.622872549127549 	20.334127234750692 	Inf 	-4.5187700304224485
1.9655529197035677 	20.87118485818347 	Inf 	-4.599988666794792
2.7313075011324446 	21.94124250320477 	Inf 	-4.718943972241862
2.4695906211690857 	25.223791863348637 	Inf 	-4.800681298864675
2.447357848886614 	30.030423454989876 	Inf 	-5.003778994622428
2.4698076521383823 	39.203190378059986 	Inf 	-5.083285452655468
2.631708354906024 	56.83567227164345 	Inf 	-5.206998797745215
2.162307427007002 	76.18282510743352 	Inf 	-5.261547889811325
1.8668105875538958 	74.17733873205978 	Inf 	-5.2305872297469085
1.5195346714166815 	85.21432119479968 	Inf 	-5.295405802947847
1.5841154259490093 	100.84100033182264 	Inf 	-5.674023512629712
1.886772831012716 	102.66703090588952 	Inf 	-5.333396873068786
P1: 2 solves; P2: 2; trial: 2
5.791111054878692 	5.667779110838832 	6.190438841437967 	5.336428438332693
5.457362918899235 	5.764331634981951 	6.073630155065213 	5.300037245222477
4.849185304861257 	5.687566920743359 	5.963557412241841 	5.3084656712737655
3.828478749411096 	6.037817373209968 	5.821127507826655 	5.179020317466543
2.2738886650224424 	7.555642972521961 	5.869484098454237 	4.721038954863379
1.1113518164861307 	10.509741312284117 	6.2597951945556 	3.9090294259113154
-0.08863975738111397 	16.93799822809404 	7.032879075445951 	2.933475520666796
0.020798382619149923 	20.441107081457318 	9.3341476760345 	1.0435237785228546
-0.21391789683470133 	24.901352109573367 	11.31202059580478 	-3.4728706059135677
0.5228190987755592 	26.192349896136527 	16.50688925561045 	-2.8952694101378404
0.329307533682781 	21.639882077446256 	51.20828440911384 	-3.1636392819619856
0.363847605660741 	19.411295334084357 	293.65653108535105 	-2.3113805228218425
0.5079431516850236 	16.87067697456354 	327.11064050111804 	-2.9892239549879593
0.47929236399790687 	17.04423686180939 	349.19448489226556 	-3.3754648464358263
0.48937532231187386 	21.8898125271261 	334.3911258737766 	-3.3731476692326634
0.35512881080664366 	28.10324676366997 	327.815822405897 	-2.991425067541745
0.13524517450526582 	41.32034418048654 	342.1487741986946 	-2.9230529505946876
0.1395124499880451 	64.57276134316525 	390.7260174054995 	-2.2263437134416955
0.3851350708894133 	94.17670475992179 	433.4752888891668 	-1.125339575783648
0.8124858883955763 	214.85128283401576 	523.4819087503869 	-0.9042823453810818
1.1324496802800272 	270.4000690599949 	228.63742548442437 	-0.9034132761673581
0.9679746776907346 	277.79779361475715 	182.62137188886592 	-0.8387383943600253
0.95724425282991 	241.20150996807672 	159.059168478832 	-0.7652377948140942
0.7071881539371778 	179.78599040743475 	143.8155549090245 	-1.351325102552996
0.7419989006263051 	137.55671016082107 	132.03132904571135 	-1.9943190176873777
0.7918224466171199 	103.66438108265105 	143.3985683335879 	-2.7982902009469757
1.1011201969263067 	86.92535770804231 	136.41999833165465 	-3.1176165537550524
1.135132735245936 	66.37856080980727 	129.44951322746627 	-3.4892958647783683
1.930565882623702 	57.6874467339212 	148.8978842527256 	-3.875630303872412
3.060865189685827 	43.422744199322814 	222.14468057741038 	-3.203347428201904
3.0832209981218313 	37.41161724867601 	219.89668745814848 	0.13821370202603783
2.8683994588618145 	32.14137910675344 	181.81756050200457 	1.3829718274186111
2.5787985198095225 	24.744806207966803 	155.67311219141249 	1.2345208879234102
2.258173488088179 	18.85450316020409 	108.06074027349149 	0.8756634639251651
1.8670226909918965 	16.073625358126563 	80.09320473126049 	0.4922906371651707
1.6843549056309854 	14.161290618167643 	74.75094986476358 	-0.38027051481879204
1.5914789813471164 	11.946247261548637 	77.62733825301855 	-1.5069431495096142
2.8640042400018433 	10.372776856640526 	101.77965596625042 	-2.7885074168979878
3.0032309103599073 	8.959375440151781 	140.94203070033842 	-3.4099007047358336
3.107944514766873 	8.244668518209329 	157.91263012649546 	-5.475276587111131
P1: 2 solves; P2: 2; trial: 3
5.827293148823958 	5.799189459463901 	6.051679681644082 	5.756511304941529
5.481870747762809 	6.091075886385015 	5.7967051875688105 	5.640229831103845
5.0066094788930675 	6.377427109440823 	5.190326326911135 	5.585532488466292
4.552151914672055 	6.932451584808451 	4.7912865169278644 	5.334242010729395
3.9115869407341854 	8.105937448481908 	4.760518185743357 	4.652938110667311
2.9511079031072938 	10.640265393022327 	5.148457610220025 	3.8367718130347583
2.0560991662804473 	14.600442806951746 	6.093716786100148 	3.0385533031518834
1.6130129878999815 	15.762887810590213 	7.654908868135206 	1.6852989953222908
1.1486652692779407 	19.69267842556971 	8.48346423847643 	0.9025458361501114
0.4303811033153401 	22.939658526723342 	9.560878794224983 	0.15293675046636898
0.43255217984730043 	27.831088513283426 	9.35902286628801 	-0.26978070980235125
0.5673316494316698 	35.89786346974234 	9.419475279767711 	-1.0665403862044804
0.382839735014571 	50.003145680860705 	8.127021741731447 	-1.6301119104125161
0.265051280295425 	78.30084728988213 	7.855554321063177 	-1.8514008861612703
0.060722419665675265 	166.42259907726154 	9.510991215986728 	-1.9592047996360895
-0.08061408476928947 	284.95909283995724 	18.440138643740763 	-2.9918831448682424
0.22547083813662994 	295.9769022945582 	67.46086147852073 	-3.672010977953989
0.6793267751404602 	350.5193465557293 	591.1691797616318 	-3.8056463093036386
0.6958478686666211 	297.72069339921524 	Inf 	-4.085476995912005
0.5215653421236586 	262.92756180274466 	Inf 	-3.689533571175033
0.7532163872544994 	279.53937477519094 	399.52610660093745 	-3.4006587051453696
0.9707482183754735 	323.209449781174 	323.65868847041656 	-3.5067891195204095
1.2281724663301055 	310.52608377563496 	329.82138752086564 	-3.7316781565166504
1.2561590818447006 	338.1647196833033 	327.6811054804183 	-3.771079332617883
2.1437997648892897 	452.92516761251477 	323.8882577296291 	-3.889553688129855
1.9873297703762647 	640.3419421914618 	334.37613649631237 	-3.776271414657879
2.2287373108451187 	Inf 	386.6036742781787 	-4.178289370004301
2.0556069117733373 	Inf 	452.3723086694499 	-4.38330864415113
1.8541718848762265 	692.7834496706287 	505.696075016685 	-4.856515536198526
2.7747358637942914 	425.5213204873605 	570.2489294882373 	-4.630328752032824
1.8362577415233452 	284.98419839666985 	575.3714282624358 	-4.927048530510377
2.814259571901661 	219.1758484406674 	488.43405435837235 	-4.4264560028211015
2.015871883782504 	177.9020187079457 	412.82611488250507 	-5.603476630571828
1.3416267455584445 	196.94333128508111 	413.29734247931754 	-5.578047943519761
1.0447223578261184 	152.14864325787138 	398.4566786001035 	-5.620635158131474
0.6907539336136711 	117.01502706561656 	413.4257221423906 	-5.799519988982629
0.4911297041074516 	113.94156500102591 	435.32761527858463 	-5.8706930010048275
0.17258917098689025 	125.90281599603162 	470.1118081583832 	-5.9763117229629135
0.0279064728808679 	151.04521276722792 	546.4279652063746 	-6.183163570992121
-0.2501476579240887 	193.27397546559797 	701.3922198077379 	-6.474183299577919
P1: 2 solves; P2: 2; trial: 4
5.541130122856776 	5.155263993561423 	5.779607804678469 	5.281647535412346
5.184753818874771 	5.294846589222821 	5.473532730951878 	5.315456987282596
4.877704970012169 	5.443249830646015 	5.205052584506645 	5.375963289422042
4.5067005331137215 	5.302038856907432 	5.033601663172082 	5.207920768370436
3.9933089388162775 	5.044024219035644 	5.188177088218073 	4.792585769160416
3.1523160075641163 	4.471849630984541 	5.432168052729889 	4.1409723914035785
2.16652943791045 	4.024390242618002 	5.707389879098247 	3.0736032275298033
1.3835136261543473 	3.617011231071711 	6.1882158511213134 	1.9625766670353473
0.5507810427116335 	3.37186930218966 	7.093269664058956 	0.1731072449696214
-0.22915652439919312 	3.8171625223137697 	8.577943952237762 	0.25253561655219137
-0.18536384072371861 	5.417147556364818 	12.1332339072454 	0.5771668007139749
-0.30863023016591246 	9.72401339567517 	17.90564496925616 	-0.16602503313972322
-0.965515382959012 	21.229388341573717 	22.309458081700654 	-1.163388481947535
-1.7297658064489563 	34.450508119186054 	12.912987248761771 	-1.8560602459887456
-3.235504609520387 	46.65341907260019 	16.885754588678882 	-2.779202801227584
-2.8826005914481962 	46.326553369079335 	50.01042204247072 	-3.3885976539750837
-2.619059075974383 	57.82029476022336 	79.50209808944818 	-3.3700372256876725
-2.6457071950536792 	146.70263620888053 	67.68359795463022 	-2.822316003696467
-1.5716132569843464 	312.6388213843825 	40.328712685811674 	-2.45240015443463
-1.942983800168704 	356.9240097763662 	2.6663368069245 	-2.625154977498454
3.2505357409275417 	385.23474284879416 	2.540888701349769 	-2.8372990926891815
0.7569682364016925 	498.9893923556808 	1.5647415680841692 	-3.2621892145417863
0.3902352253644981 	451.095650289598 	1.5337531583056843 	-3.4966439920706742
0.7061909347426327 	512.9084426186467 	2.233159140756953 	-2.3408486306363323
0.3840522828937059 	717.2159211667373 	5.21092284923693 	-1.7712551977705895
-0.35221138452315437 	733.604695916348 	19.350254937108975 	-2.2650489474576485
-0.6492874057590555 	707.0846322150769 	59.50449689069727 	-2.783814848411017
-1.9014404021041296 	Inf 	69.45298640889854 	-2.9655238538030035
-2.7914763695112126 	Inf 	54.32137064004631 	-3.250932676673121
-4.130208391097017 	Inf 	39.75972886922831 	-3.314896557982296
-2.300372730161946 	Inf 	33.98489601204395 	-3.694168810022347
-3.936753654984383 	Inf 	36.02704914348668 	-4.134932192007767
-3.7894076260559526 	Inf 	35.763528507539625 	-3.3418360605401354
-3.843912236572499 	Inf 	39.04574367875444 	-2.206487725136061
-3.1628116982867787 	Inf 	62.539318366736566 	-2.8765871473475517
-3.221391274845706 	Inf 	90.66818681263162 	-3.4135057622936076
-3.650765136140903 	Inf 	301.9654531501315 	-3.2779006909214004
-4.055157430727335 	Inf 	577.8339983557307 	-2.9974247814129096
-3.874719217719224 	Inf 	Inf 	-2.8152071265905523
-4.685930759938935 	Inf 	Inf 	-2.5619870785780408
P1: 2 solves; P2: 2; trial: 5
5.737644038902806 	6.168698088066398 	5.942982027843857 	5.578249874348421
5.522827721886638 	6.251628402700191 	5.986717821284412 	5.592761851300245
5.318913279186976 	6.274194728048265 	5.943181467994692 	5.434612794640719
4.806701842456818 	6.066161715614715 	5.576958699716928 	5.202070907141105
4.11340521052816 	5.990754774651256 	5.350816461475183 	4.740671547369816
3.3338285977024045 	6.002468515818195 	5.208838104469838 	3.93109809903354
2.58623787083947 	5.714228510093215 	5.4902502783396585 	2.1508847205105335
1.8735370220405871 	5.3462597777296255 	6.150778188436342 	-2.0474839690846376
0.8238593274063936 	4.908709065968797 	7.729647125887094 	-2.8014838069340904
-0.14259655793314485 	4.338167467048525 	10.117372881182902 	-2.799784407156334
-1.0527031312454844 	3.998460156429473 	11.8491627852868 	-2.6932461832639882
-1.9653017152079268 	3.6331085192449084 	12.007737214781251 	-2.8660920978826905
-2.143964712737175 	3.3174043465307532 	14.944068105946636 	-2.8038475705232875
-2.7586419165749314 	2.382384709270851 	25.780060776332146 	-2.6501642444838627
-4.519611741321721 	3.319035463806891 	51.501294807865015 	-3.2768917386224965
-4.314210373516895 	43.13911396251718 	92.65439264176344 	-3.3094179975386293
-4.4420535500604155 	125.60371072459019 	114.18464128347891 	-3.4239878541328275
-4.41125120067875 	219.68656040585134 	85.59571716359488 	-3.5950677576556767
-4.5855797426363925 	237.88733019838037 	72.5449388944238 	-3.6077374795159503
-4.204735863379061 	296.3518823488314 	54.03438526128801 	-4.040650666884185
-5.103084266406303 	402.345084273253 	45.334201552185256 	-4.393502413646315
-2.407049729304232 	Inf 	39.99625228696809 	-4.905854623820177
-4.940594186033975 	Inf 	37.56509890182436 	-5.444363185707989
-5.437670787884808 	Inf 	38.52112417225826 	-6.151474351427761
-2.6545862288959765 	Inf 	45.93973737082002 	-6.3215903637993645
-2.3531910196187042 	Inf 	57.03663337030117 	-6.531052214458112
-1.770924791045411 	Inf 	110.1140732510246 	-6.675371092041401
-2.0214862447956885 	Inf 	282.87685919429254 	-5.903629199931598
-2.0752307891818407 	Inf 	719.6637953079883 	-4.824969605770508
-2.5703125717535675 	Inf 	Inf 	-5.001788670008206
-3.1435282440549397 	Inf 	Inf 	-5.112192985669456
-2.985913723016933 	Inf 	Inf 	-5.265165808131899
-0.8509014817386966 	Inf 	Inf 	-5.269611339491227
-0.8873125033055675 	Inf 	Inf 	-5.392908058521069
0.471657849009877 	Inf 	Inf 	-5.532530355235954
-0.48115297634538656 	Inf 	Inf 	-5.6037991365069075
-0.940336140554754 	Inf 	Inf 	-5.516206284387027
-1.047444890666975 	Inf 	Inf 	-5.67048914270675
-1.4086976894473489 	Inf 	Inf 	-5.651983798014096
-1.322511521883084 	Inf 	Inf 	-5.707730710659068
P1: 2 solves; P2: 2; trial: 6
5.506993182774945 	4.937313066722339 	5.732094483024485 	4.776828536356853
5.318898460395994 	5.082764689989963 	5.948519173302638 	4.86415560999873
4.897783339990821 	5.2172549934396635 	5.794859905357922 	4.9955163912165155
4.3689561044029634 	5.178738136082798 	5.570727470883784 	4.982375302173692
3.70503095558348 	5.09723851021319 	5.5144401301445 	4.706487426889289
2.565722575139676 	5.22079115408985 	5.577975122460572 	4.411402046012987
1.3173390161910934 	5.515187758947513 	6.032278522267505 	3.675432267944685
0.3799481637286198 	5.997758231636036 	6.56135652326341 	2.589216086282821
-0.48459416427131435 	6.266820185150756 	6.510914968932975 	1.399749472655768
0.08073209637527956 	6.085944381634807 	6.062917797870281 	0.604668793267027
0.4094136584245259 	5.93729365717104 	6.738145470678252 	-0.3160198869445423
1.124351565347874 	5.776127234516401 	4.427203369501451 	-0.6803273176900312
1.941696155059278 	5.618836428256835 	4.015919880718023 	-0.10546439095668882
2.086837061275028 	5.5420722038673675 	3.500931992869414 	-1.199744630423228
2.514639463892819 	5.620270514208914 	4.110484392949833 	-2.758577106137594
2.8393033329925097 	5.699198006069807 	5.746991562170682 	-2.490856250511341
2.7887807849715935 	5.8050788559481985 	4.927141748994034 	-3.353079181429088
3.109226246686616 	5.971031917348144 	3.138685203360567 	-4.020255426303177
3.390413566932799 	6.152991301703175 	3.850892303530054 	-4.334236495068217
3.5450716742559445 	6.376102544951708 	8.957771391510201 	-3.986130450030994
3.3579644132275877 	6.644155803700601 	15.017764694574602 	-3.561232072070714
2.96907577282377 	6.985629148006055 	28.433197980279548 	-3.303747430701561
2.6834006752829564 	7.149019210691957 	29.89042362973302 	-3.786679141392907
2.658704824712384 	7.177187227928549 	32.81000429051667 	-3.910052704031478
2.633671814856615 	7.065239452404019 	17.900609711592313 	-3.67202195764781
2.8052431313488855 	6.920654144386777 	5.655755954143862 	-3.3255163353464976
2.966465917596848 	6.780792753166967 	4.986482612773812 	-3.120673210109526
2.8607776706894024 	6.692392704788976 	11.90246465787075 	-3.315160246136363
2.885611459819237 	6.533177557913561 	15.668343991377002 	-3.3652478366988277
2.918180493083682 	6.29814051802829 	8.178562151251437 	-3.423697754048426
3.110222983396672 	5.872633979974274 	1.9536655380338748 	1.0174056330180616
3.159924864843761 	6.0607460657409 	3.5109583697998072 	0.3816144273822385
3.0538599326111053 	6.119887492001024 	14.10696576885521 	0.8435820342674657
2.9763247636862173 	6.142288817813801 	24.360194315704486 	0.3777303093520569
3.003858952454647 	6.1137962714895115 	24.59782174673026 	0.05964928065016591
2.97022688133292 	6.244567289382479 	12.645264546176108 	-0.410300412966654
2.8688030107697617 	6.576005546536046 	11.560772132773522 	-1.2607358765898424
2.7119666582549664 	7.000005404103288 	14.454519377824722 	-2.4366174489933377
2.7036355718989005 	7.449395906605824 	21.728267640799835 	-3.11985893757915
2.4243946307439814 	7.877897213869921 	37.50257962527003 	-4.105430793677345
P1: 2 solves; P2: 2; trial: 7
5.338727298018417 	5.206572018296375 	5.36259642230839 	5.211789273687356
5.0507638555508505 	5.342583231933348 	5.089775733427565 	5.175940211504322
4.67710913753833 	5.7315186473313045 	4.836809757525666 	5.0082004749719085
4.2892347334439735 	5.9763651787258425 	4.836779802733046 	4.7464302281121045
3.436291787814314 	6.256449819867937 	4.872527573255591 	4.218817327867436
2.5371501348311822 	6.735715438115222 	5.209241954964575 	3.3731491094470947
1.9984436113152613 	7.435471297717956 	5.529465639448348 	2.0407246566859456
1.875574208378732 	8.094508933497448 	6.607879904743833 	0.528994667986844
2.146258825973996 	8.412563762350219 	11.37706717836729 	-0.5857871215247015
2.7879665379422183 	8.691923980100372 	24.308848905184053 	0.31709172843520017
3.1957094437590094 	9.897134722348964 	45.585505949036126 	0.98854103612781
2.8131765230068697 	12.152295804231787 	68.36795030482952 	1.2615998781231952
2.7490565658314563 	15.2780194745111 	69.32737600476204 	1.5359970776166085
2.5336786288471314 	8.793039985502835 	72.32182902634166 	1.2597730588173273
2.333708257539411 	7.881432968669791 	58.492137689987054 	0.8009144915754774
2.576111477451538 	7.5068531019944125 	54.192486125730646 	0.5686619439256274
2.9236077885004064 	7.233658602177331 	56.47494268499682 	0.3278244375485975
2.8606936348366974 	7.319978536810215 	40.13554622792115 	1.244320417042713
3.0098515977166107 	7.608159153226318 	35.713965983379765 	1.1625365831227246
2.9292738155702502 	8.17712886861893 	34.95326936214739 	1.3704163507474336
3.183221924120574 	8.748534696825553 	38.830417969170675 	2.0683424143807576
3.1489181946344167 	9.209263350694508 	34.574526963604704 	1.7705034112148619
3.1209168185945235 	10.261992265480954 	39.23946361860484 	1.9514724674583708
2.9012121648993614 	13.112602699204961 	34.0030342079246 	1.6476295564891152
2.7348727907325547 	19.63424600162385 	32.38992030890775 	1.4661791808180515
2.363231369532564 	27.80096265254146 	42.06355121255604 	1.3740495639725459
2.390899928520887 	23.880078010678464 	47.156573995432055 	0.45218198793846826
2.969128823909259 	21.146625565484715 	49.44078412266382 	-0.35301220924284227
2.6429644489075867 	16.595935008648635 	52.57778104909359 	-1.216987725846064
2.2416554092719356 	16.264919448870614 	46.75227099624695 	-1.092942905571218
2.8316402603223945 	19.51870260728478 	44.616665842807876 	-1.7074681252332216
3.216836566137435 	20.69564335594554 	45.167754782427224 	-2.5097703834826026
2.5100496616537527 	19.7834705140296 	50.47371800809778 	-3.2442144845791714
2.6275095622084437 	19.7674701852944 	50.4869079438755 	-3.036155928920653
2.5504526644350958 	15.308359265852213 	57.683913500379894 	-3.4652105038906797
2.8942498044384384 	11.912183330605036 	52.41964051099036 	-4.7990799007220435
3.4127644065410125 	9.621355688627085 	52.4769130465005 	-5.173840584159679
3.2841880726872397 	8.017112674999494 	50.7152106312257 	-5.757637855981307
2.8219057456552767 	8.015542021280247 	75.63450784483024 	-6.385829322647941
2.6274056274627724 	8.44473691229858 	165.56961817899668 	-6.697850307953207
P1: 2 solves; P2: 2; trial: 8
5.072822520706415 	5.085594988450902 	5.093517137042977 	5.077017544654102
5.072217524319736 	5.337631167797483 	5.024926004407012 	5.234124132392367
4.818056357244474 	5.492706147124142 	4.811093743089548 	5.2255890557577045
4.455553324132944 	5.650810914956964 	4.6938973202993015 	5.095143760189539
3.8058131856902078 	5.641676310621632 	4.769973448604253 	4.832985820164916
2.9103443931657167 	5.984276639347236 	4.806538789096759 	4.187205202285455
2.5479651174605 	6.421013150009546 	4.777368951744964 	3.1906375247280394
2.1745493794148683 	7.672920850288728 	4.749211289374574 	2.038620999750497
1.252441091579726 	8.480034800829388 	5.411504666075425 	1.1131219243476027
1.1739724380081757 	8.395538271763465 	6.771025664699494 	-2.156750551030474
1.5251339289117158 	8.018217282700205 	7.86537578407888 	-1.7371325408240654
1.416211281953495 	7.307208455957282 	8.927389887855181 	-2.507275120048345
0.4045663791545853 	7.480762183403261 	8.664609717051519 	-1.5562217125115347
0.22954996814605388 	8.748585312910613 	12.550017956163941 	-1.6588079554831192
0.042127413320034786 	9.172250804433586 	11.130527611143995 	-1.517028445635382
0.6226919583149778 	10.078678318711773 	13.220003278958458 	-1.3255895714061119
1.3986951727209505 	10.686583310353969 	18.733809284994102 	-1.4885395271106825
1.7030537063219116 	10.811141246025382 	22.385590552223892 	-1.7077822795238455
1.763476632464416 	11.439959036479388 	22.592109331435356 	-1.1643216087998567
1.181252795183834 	11.867413082545902 	19.703079984067532 	-1.3377422396053993
0.7678202696203767 	13.714691706020648 	18.212843028219066 	-1.9023991398280282
0.1903141891402805 	14.091488194903938 	11.349989734165902 	-2.2388939837116304
0.2515979662981684 	16.280928308407425 	16.30977979898612 	-2.6572541264097134
0.0024176557648067252 	17.031085456069945 	54.296374017546604 	-2.952015732645788
-0.3351751549250935 	18.84668010617867 	180.17931117749686 	-3.324195624175092
-0.3641328193031551 	17.811340319853358 	408.2178150733325 	-3.7596746651981165
-0.2845095604492817 	17.10499301670128 	Inf 	-4.250397316401191
-0.36548382266283674 	16.434833294865754 	Inf 	-4.040083754812482
-0.26538631620345654 	16.462047810893765 	Inf 	-4.21547487833951
-0.7897679454680584 	19.335907895552154 	Inf 	-4.971294056118141
-1.036120933391497 	22.425845523024197 	Inf 	-4.884790761377089
-1.0299926445593475 	31.256499825162454 	Inf 	-4.800791019713967
-0.7503797951433866 	31.421945012403118 	Inf 	-4.494539650138436
-0.6981930128424509 	32.478880179450925 	Inf 	-4.196763830937219
-1.284276652304728 	35.58022084619271 	Inf 	-4.537066740706155
-0.39818527307734597 	28.054280210069482 	Inf 	-5.069749433799242
-0.1926173170184989 	24.01094876861539 	Inf 	-5.3700788334523395
0.45435099200987594 	40.684619355568515 	Inf 	-5.76001478575105
0.3265223914339734 	78.671568708033 	Inf 	-6.079125743030766
0.15955602792317236 	130.31932129745135 	Inf 	-5.992958577263269
P1: 2 solves; P2: 2; trial: 9
5.067598042499095 	5.5883610852926475 	5.112001883911691 	5.6076492561620706
4.919942229975362 	5.643828309772418 	4.985375269594947 	5.567479325113422
4.547974560919796 	5.519099511337638 	4.869094124677619 	5.525595573143677
4.235647074536342 	5.3915800993316925 	4.771842170653227 	5.220959603066026
3.722500447054365 	5.16305091768239 	4.80630611969737 	4.497723600648542
3.124735916229467 	4.85914843367741 	4.928439284205966 	2.922552831889295
2.2077989108641667 	4.32104890695576 	4.972971321611779 	1.2770945404761715
1.3205693103888023 	3.9258310430166983 	5.029192808446724 	-0.3022728567791805
-0.23102008481904707 	3.2125915366539597 	5.165918955742381 	-1.2437323598370102
-1.9922773044030841 	2.4832483228313964 	5.965889584357671 	-0.9754809790284922
-2.3133741987110854 	2.1189439214814163 	7.218639834329668 	-1.19384350530326
-2.832548502949631 	2.025737077269217 	7.86843448882948 	-1.3637786326912429
-2.973568072777083 	2.0902813687511292 	9.144027308284572 	-1.777003025933323
-3.122793246544909 	2.009215645624292 	8.507462141782657 	-2.1668941894685436
-3.293595904600735 	1.9143988030381085 	9.714493874288285 	-2.532378600311073
-3.507676801782903 	2.137721979305884 	28.546511314955566 	-3.2285449038405947
-3.7132013741968577 	2.6648398281063894 	62.35711224034083 	-4.067966074190366
-3.8840882608452243 	3.3564176375268584 	67.98570385721777 	-4.590639517058044
-4.197220741152872 	4.2531709169404825 	123.18210736305055 	-4.877471387335045
-5.0854433825821985 	6.60010888624563 	107.95436633398879 	-4.652615008167911
-6.056406300521817 	4.691502044750028 	94.99954532135972 	-4.70446188201262
-5.871019621435054 	2.668754247761146 	88.7005089647892 	-4.528723958395064
-5.754054608666777 	1.9834564330195452 	84.72230550232632 	-4.653346997947514
-5.7745206875164445 	1.795464179398582 	82.69270256331691 	-4.8802617230847956
-5.545262680035098 	2.5005321174858746 	69.89081096161921 	-4.854019086607033
-4.963504089979858 	4.995929644322637 	66.20434405704972 	-4.932066180917586
-4.719078483784868 	7.522991995948316 	55.52338627226539 	-5.031447122595237
-5.17486973844468 	10.236932779332447 	52.294510707962665 	-5.174626397640173
-5.1963565297013385 	10.302213414981791 	60.28682896160156 	-5.345097324014899
-5.441669686552227 	10.07435470008108 	69.6498649399047 	-5.636296958130613
-5.711990112159962 	13.740415776772688 	74.44774362088822 	-6.111301536229688
-6.533669624073095 	11.249691695680553 	116.24347138188101 	-5.753988060897413
-6.962015682571012 	12.663565272989008 	154.83177624156792 	-6.1183386161789395
-7.424113701442526 	8.490616191124033 	182.08488287466128 	-5.962805585053015
-7.768602532579467 	11.127829923487887 	293.15548698567153 	-5.964412815979012
-7.668758867589279 	4.467079970254251 	448.6407812364116 	-6.296177068878883
-7.440204818653943 	2.483846152529126 	656.085119208777 	-6.351566794755353
-8.155188403210497 	2.562361174906883 	620.4389543518639 	-6.430933664120221
-9.052240773394338 	2.753535502702077 	602.349362082092 	-6.490056625843205
-5.741193546435448 	2.62331053918613 	537.8536023469586 	-6.568053638111756
P1: 2 solves; P2: 2; trial: 10
5.106247211228401 	6.3403445926702595 	5.253646243411252 	5.849123782885244
4.817263862416157 	6.403762635313775 	4.93301698381101 	5.719367376928936
4.423425430561849 	6.245212090197557 	4.672156251998206 	5.726253092112902
3.860672698913689 	6.2554983197097025 	4.51705712364304 	5.554852670997188
3.3233526855898488 	6.206734948983354 	4.472307697028295 	5.152322000406126
2.546171032688966 	6.328568698242117 	4.492395818927559 	4.237369714260187
2.2138584271602335 	6.34689687833243 	4.531108154150078 	2.546121173077982
2.328038706830094 	6.366482937517124 	4.602856533228043 	1.317206240336099
2.6865064655822612 	6.4278729338457765 	4.569401423591379 	-1.4226868453543058
2.9769997810778057 	6.443726194357551 	4.638766200462064 	-1.4673600204965516
3.181303165394684 	6.323605375928896 	5.266187203418418 	-1.8800869210794966
3.0509527987213585 	5.888940809280095 	6.679860408421782 	-1.8581066940520923
2.772782176463015 	5.362740234515327 	9.475758498438354 	-2.262036667578337
1.9936002198828637 	4.637347112989669 	10.213889471639671 	-2.312346362348084
1.1902074948978885 	3.9783144459831568 	22.85026045260834 	-2.443726189068247
-0.40487212037168446 	4.285356506917348 	45.426330128349264 	-2.5814390882631306
-2.5211131186214106 	5.028452290163698 	19.409768440823694 	-2.954030526412986
-2.1808227292108233 	1.3149107421078272 	12.188841756388337 	-3.092151805448863
-2.299178830481896 	3.034096860879781 	4.015424497452343 	-3.1903183590111066
-2.6255780025246396 	13.127622799196141 	2.446696757282126 	-3.916268223617672
-2.993550062363013 	17.626548909829562 	3.08800975530383 	-3.3291876377424336
-3.2638185915725875 	21.989904529476746 	7.104364292488059 	-4.170450013251059
-2.3063816291559918 	28.882451498886255 	14.057126479412275 	-4.198904516614147
-2.5525244846356907 	31.574048642588533 	21.78284538247408 	-4.374005216699275
-2.4911532778968395 	41.42898153191164 	30.84833717959773 	-4.655031228920911
-2.9127849274687634 	56.94905881193136 	53.19122002069076 	-4.98754765917811
-2.7371395892739585 	73.85481410438194 	86.80470859555864 	-5.294183905591462
-2.6812302815953406 	119.73852315247161 	133.34609465796495 	-5.472161707959926
-2.370801354001901 	177.33513103278426 	193.31831257920453 	-5.288370650085264
-3.685806941491082 	292.74978299581824 	262.6423754216084 	-5.284290633515356
-3.829446516057584 	569.6313534901201 	337.21954553295956 	-4.817280397782109
-4.068429999100304 	Inf 	346.5148220277047 	-4.673593853210368
-3.3514277721894676 	Inf 	367.9572304335144 	-4.679824607628012
-3.9527843193823893 	Inf 	523.6716458682248 	-4.61702118009267
-2.8539411965393 	Inf 	Inf 	-4.832626639601225
-3.046288477650025 	Inf 	Inf 	-5.441052001024997
-3.878598230105574 	Inf 	Inf 	-6.368700959042818
-3.787224273824493 	Inf 	Inf 	-5.352457886692838
-3.927737422916193 	Inf 	Inf 	-4.690419688122861
-4.909121869213092 	Inf 	Inf 	-4.6038609991321895
P1: 2 solves; P2: 2; trial: 11
5.768719458527013 	5.033044873143571 	6.18162332345124 	5.0515349446058835
5.301214417559169 	5.176007010131541 	6.035670702871051 	5.152016645892426
4.852637131592507 	5.167497816822835 	6.089519224208332 	5.184505456028497
4.248323420922519 	4.888917837625706 	6.124753769966759 	4.818708696479361
3.347266739028017 	4.5197291823550865 	6.230886055022903 	4.04424428571781
2.1423810849901703 	4.339057539966686 	6.274589315836787 	2.7392969320978486
0.9721798858504036 	4.960453988267443 	6.10786769527619 	0.9462848817065307
-0.5786480016645821 	5.372931520061357 	6.0009451814070225 	-1.366270005074837
-1.4058945764087727 	2.9113419963807194 	6.339407275691749 	-1.792606264701656
-2.6669872217468247 	10.449945422014007 	6.734102900146338 	-2.499754210569586
-4.533156154372057 	86.93553957593832 	5.743075400147542 	-3.0743615614827347
-5.33575516837949 	367.2168036232535 	4.447946065218512 	-2.630250121689273
-5.580964857783854 	705.9846946399098 	4.252195253770301 	-1.7220824363673128
-6.536623617786598 	291.21898884863833 	4.176242058039992 	-1.6197250755139105
-7.485875581623659 	221.73267992114953 	4.070773821886512 	-1.9056705385265553
-8.027147861156484 	419.71356828242125 	4.215219714278681 	-1.3751889103276498
-8.105798914809068 	Inf 	5.431200273543257 	-1.1603246878488254
-7.671054386995369 	Inf 	15.72014461850074 	-1.9317948061072503
-7.464347045920837 	Inf 	15.994454031427459 	-2.235389656368544
-4.430188462141511 	Inf 	6.7792533789580895 	-1.6533901567062816
-6.855432032393253 	Inf 	5.799965441422194 	-2.3613814275849756
-6.3831573765893195 	Inf 	6.596518181418449 	-2.7126120462410452
-6.474230790022114 	Inf 	10.09293384152266 	-3.3182471889645835
-6.342820603523398 	Inf 	20.392547221665094 	-3.6615704784218472
-6.19727014850311 	Inf 	58.0411460507712 	-3.590037184902626
-6.394306259556582 	Inf 	111.41766848165551 	-3.652887789037937
-5.783284833111277 	Inf 	247.79183742724106 	-3.656708836215929
-4.469439636598823 	Inf 	277.9631213061474 	-3.5314812079047924
-4.226094481508893 	Inf 	310.19485364307536 	-3.3227087205344774
-5.602124463793075 	Inf 	187.9157707485521 	-3.1674187526998483
-5.4755945207543855 	Inf 	110.03372228894597 	-3.0017213155214586
-4.784562256185628 	Inf 	123.12916867230332 	-3.2703633756734085
-4.833316510618936 	Inf 	215.6560476665566 	-3.3705630625113177
-4.950580295397947 	Inf 	403.71797070365807 	-3.709612479377061
-4.812357015187233 	Inf 	504.48650014034814 	-4.719227179024273
-2.830204529370395 	Inf 	487.8083890908782 	-6.075617862137467
-4.217414209961253 	Inf 	703.7107776191385 	-7.347838403860923
-3.651928451136229 	Inf 	Inf 	-7.008519957000378
-3.758052181866778 	Inf 	Inf 	-7.244072890299872
-4.173160428369443 	Inf 	Inf 	-6.624993415839494
P1: 2 solves; P2: 2; trial: 12
4.833168918742991 	5.485869645167061 	4.8805855031187795 	5.100171870423122
4.58423469028755 	5.809400276601912 	4.681267253171378 	5.1167326688785835
4.431147535479355 	6.1111029805982495 	4.594551445172037 	5.112657277023221
4.0593733723514065 	6.281246592088542 	4.432066808237604 	4.8330432429154095
3.8804578759923616 	6.3732377945523435 	4.346086531374672 	4.256103477421809
3.4708584957772737 	6.1995963228824635 	4.318848437780331 	3.393737209786071
2.821269601386772 	6.106669017363717 	4.3452145292345525 	2.107801421502196
2.2430447233963187 	6.0225461807095115 	4.426943639535737 	1.2077354647975662
1.6870717195420128 	5.999919272133726 	4.4721741629477725 	-1.7805766431947876
1.5799802595195975 	5.954292017503257 	4.447181285380467 	-1.323630880180827
1.3888011752707259 	5.900608124622848 	4.2344311564011825 	-1.2538728814856333
1.4766116976036714 	6.174232496166822 	3.779368408623008 	-0.8990293638857219
1.4426555175128555 	6.545393240744598 	3.777925980765083 	-0.7989843194615455
1.7097206079327063 	6.801336427030477 	4.102362629108588 	-0.435704280751441
1.8203944473032514 	7.513112193240145 	4.870902617642973 	-0.03666312718852281
1.9219415481960196 	8.017920863234343 	6.936081832463823 	-0.824467984088099
2.1570855515536094 	7.490685036359123 	16.610911194796923 	-1.6887014259051418
2.2920692422539335 	6.8864327005698955 	23.624097967514203 	-2.4284548571661024
2.7172919942527485 	7.4694130560400085 	24.26261762700406 	-2.8578297922516716
2.744120535565781 	8.549608332039643 	25.4674465770739 	-2.3033338230337193
3.112788067068743 	10.135313013965096 	7.338882697115559 	-2.9112594849940465
2.3598186855585506 	12.474598445107908 	5.836056109898366 	-3.9366496367527226
1.9312511044546714 	14.960780328805805 	11.484251476915306 	-5.032053317184551
1.8777915785031776 	17.153978430307752 	52.91252418897145 	-4.498405017172964
4.643096504218587 	18.862968195022123 	130.75932063245435 	-4.510356231196264
3.2168486083530343 	21.83533803625668 	243.64185561888175 	-4.339067848226831
2.9291645535269946 	25.65457416597306 	292.7083479253568 	-4.155778131766217
2.732198065982515 	34.90840174978027 	360.4546041949213 	-4.469589498007355
2.4634128279117378 	53.307261703228036 	429.4547043412242 	-4.712986974280916
2.176800669889693 	112.99191904670974 	508.9814550706424 	-4.810801399006456
1.8453506911864688 	215.9487574622477 	641.9902192407424 	-4.905087932524331
1.4869287364951105 	348.943416297205 	Inf 	-5.034951957950105
1.1850363868412697 	Inf 	Inf 	-5.196678120821452
0.9258716329690452 	Inf 	Inf 	-5.419482202376233
0.8030666063717468 	Inf 	Inf 	-5.343905867792513
-0.00702575330546055 	Inf 	Inf 	-5.445941071189421
2.089098416657492 	Inf 	Inf 	-5.902194256003774
2.2890083805380064 	Inf 	Inf 	-5.771766247545899
2.223453401266332 	Inf 	Inf 	-5.403387556306744
1.138574216374941 	Inf 	Inf 	-5.2286408540585505
P1: 2 solves; P2: 2; trial: 13
4.7692891562893465 	5.6384271712791065 	4.867697157102831 	5.662534647240353
4.528330269183019 	6.043858991689223 	4.757307021769256 	5.539499908274198
4.210899039605279 	6.448872449248624 	4.61267391196313 	5.452659846008407
3.836220547453113 	6.894101160368087 	4.560684833354637 	5.283193866007308
3.1546632461854482 	7.796852516423 	4.649317183977514 	5.0781573343480995
2.2710121188663464 	8.868536127104306 	4.875768391190194 	4.4414975338743234
2.1788847517352243 	11.77821699860202 	5.2204676276662765 	3.3525440667318276
1.8262993036512356 	16.73737012143614 	5.702809727152543 	0.7684788313967046
2.2303377746757795 	23.479419765398553 	6.590377189240739 	-1.152915948409019
1.979805271471204 	28.921686314341564 	9.627914910665641 	-1.6334932101272457
1.8170119633438608 	34.36605614912256 	18.42010004024956 	-2.134128358260798
1.6169463412513678 	43.556404635839854 	22.146249097091612 	-2.73913464786103
1.6151011484450275 	48.45230403578665 	23.727620220304015 	-2.8462938857886413
1.8281664727615599 	51.17970579170797 	23.999277637607957 	-3.1180635545163025
1.5630236884747097 	51.4730345713079 	25.717266290502412 	-3.4866395364444203
1.8994569021425791 	46.09620241668071 	30.00987465231945 	-3.451372246749408
1.7200305549471389 	45.29332611661183 	55.440389139871954 	-3.9699741560013004
2.541349049331814 	36.733259423864205 	110.17449436810628 	-3.9588270167946757
2.6026694066930993 	30.7819932692982 	153.07292054637938 	-3.771668211521783
2.739224411117976 	27.84990606486609 	208.1371013839817 	-3.7803613590998206
3.11647770562711 	27.107405548797683 	460.55989604956096 	-3.7454177321750755
3.2346118354499342 	26.7583504789531 	599.6660384581634 	-3.7591010579540334
2.9888405013757113 	29.43592486136697 	684.1102781209593 	-3.8028955323062896
3.2336025376160715 	28.88880435368668 	483.5928575290443 	-3.8939803130488135
3.228676187566585 	22.659365765360853 	267.01259050333135 	-3.9441090157492558
3.1736405736153452 	23.09111600594878 	249.3174076079704 	-3.7336266355253613
2.7656841998819304 	33.448369411601114 	253.92853482009374 	-3.391154869640885
2.09601954613578 	52.99429477931412 	238.75108767254935 	-3.808992270601107
1.6721910380016218 	73.20926277688785 	235.7209185116957 	-3.402413462371427
1.0490514395593504 	92.6763438631904 	233.34569444528233 	-3.302655137280365
0.5940454153605939 	102.593289583146 	200.18915338767823 	-2.564467286411863
0.23318240355691153 	98.62595430314754 	280.8273715425678 	-3.3166258236702055
0.08688804139347603 	86.12721986743634 	382.62424622626963 	-3.7810256227261756
0.02382505838877594 	72.28825923389387 	303.55837872269603 	-3.803061469000571
-0.21464915735934417 	68.19618431410372 	80.0696765387776 	-3.819781566906463
-0.9110280506701671 	80.4851717094187 	48.95029515969922 	-3.70814436594483
-0.7766617061135285 	111.83303445642821 	102.30073260777088 	-3.2566061695092694
-0.23354924021266862 	178.40472326033048 	183.95602957503243 	-3.5017731284976716
0.23668712756500163 	243.10332743830907 	319.0650917873878 	-3.5131310054322697
0.5571699547533189 	292.04624918025667 	551.1593185359377 	-3.241179109937653
P1: 2 solves; P2: 2; trial: 14
4.9294339229232556 	7.167503954701982 	5.053156765530095 	6.184612471873546
4.728393058423506 	7.618723565616497 	4.94002200181851 	5.982856216539244
4.440282302987896 	7.993283314076924 	4.851431038201764 	5.780278811503882
4.022445777984051 	7.427551520525586 	4.844788055694092 	5.509156357496629
3.1042196526358805 	6.808012586529388 	4.878181149422564 	4.9950483500318645
2.6348240014206814 	6.788600768715386 	4.979954683362832 	4.052069368994441
1.9461338912183408 	7.183378553069917 	4.985870897542654 	3.04014785250821
1.3574917059764864 	8.187205009787103 	4.968831379448072 	1.872324758371846
1.5678384627158708 	9.778592803225106 	4.840265040773989 	0.6374864721679494
1.534830359076 	12.586432189207406 	4.762649375953138 	-2.538574942682052
1.632003278922647 	13.816643956673635 	4.432681939741282 	-2.6130364296811055
1.6004406379322957 	9.961335957386499 	4.263670554746841 	-2.3231602328059746
1.6259226060200869 	9.070942853189031 	4.449286502823331 	-2.33492312432157
1.8551823458566765 	9.601061557671633 	4.9170250046402275 	-2.00211836702348
2.4744041989767935 	10.450733740319418 	8.14411477643924 	-3.1894254905745427
2.868246850351118 	9.79614434428471 	28.53024721253294 	-2.7184185814719912
3.2356898079213203 	9.019047016397321 	94.88831217109113 	-1.9499894580266228
3.418775377881375 	8.451536599408081 	51.85091665688558 	-1.8346145586785687
3.637625734134869 	8.586673829193746 	54.38359675097005 	-1.6339229732487899
3.8127496299766888 	9.08482103599711 	65.80559334913151 	-1.68362046006578
3.6847877475090463 	9.518120071423603 	106.23268965269177 	-1.9793986711602494
3.4202167911860966 	10.630431826904097 	182.19640859786375 	-2.4342859540956976
3.1450691729172977 	12.369773886232066 	357.980417954113 	-3.344812588784758
2.8304477558937116 	15.949346406944331 	559.2079622489024 	-3.9700527117808555
2.17360150238791 	21.63539117980185 	Inf 	-4.416836233154042
1.8154527848060917 	75.5863385308612 	Inf 	-4.420903305496107
0.9925784196335993 	127.75581107008477 	Inf 	-4.697639138840846
1.034468732144859 	714.1264988465366 	Inf 	-4.789068073016726
0.3507619389518613 	567.0625420657125 	Inf 	-4.679655140397859
0.32313093908444435 	311.99058864892544 	Inf 	-4.530133427030893
0.9506193583253051 	165.09009776234552 	Inf 	-4.085046851293157
1.458039737677258 	147.73239655347896 	Inf 	-3.9178941950398514
2.1736885892696614 	136.3758816000627 	Inf 	-4.176394397786966
1.5680731328400088 	128.93810173479562 	Inf 	-4.103922293751505
1.3462228705785748 	153.98639359354326 	Inf 	-4.077509328840245
1.1664001240094428 	216.11645601924545 	Inf 	-3.841692798494564
0.8896385443194698 	701.8679443620955 	Inf 	-3.7839817881071225
2.546760537666398 	Inf 	Inf 	-3.4824346192251427
2.1595599525016222 	Inf 	Inf 	-3.608755375880912
1.6342787477227085 	Inf 	Inf 	-0.725922459274668
P1: 2 solves; P2: 2; trial: 15
5.298166951330486 	5.093601232385199 	5.268827722912058 	5.316597983709237
5.1314073912553555 	5.309590694910904 	5.156942685522037 	5.261887644452826
4.756485988564415 	5.409597722473832 	4.874918683222224 	5.199166504350215
4.495395925969018 	5.345863130792514 	4.854633783563625 	5.0757773903317185
3.9374290337861737 	5.337540631423215 	4.768662707238738 	4.795989792421002
3.0287291407098937 	5.280014745809803 	5.053147418563079 	4.259629584105161
2.2211690349775775 	5.664893719756333 	5.205913265960502 	3.446612977566685
1.5770160897520373 	6.10918360147208 	5.668779901546748 	2.485088336644539
1.144068993475118 	6.787624371345252 	6.354501120791309 	1.283175039033656
1.190100089715192 	6.681134133103154 	7.205030169413112 	-1.086559170941461
1.158226765262419 	6.554298696682142 	7.550045405931243 	-1.9412603790362266
1.3424486529003994 	6.643382756237734 	6.530940083572557 	-2.770679258093966
1.4114035783320982 	6.770392386451786 	5.5826308191694896 	-3.2875010087982957
1.473968278833228 	6.955780195957384 	5.357266170431109 	-4.218280019782679
1.5363361318437772 	7.7260401908685825 	6.423787633596013 	-3.3853520471821037
1.5601893896033243 	8.57182783293171 	16.7123568123945 	-3.386769241365315
1.634729922905468 	10.395672159299393 	99.31439535816587 	-3.3746254777273306
1.5545560611631437 	13.09820520952184 	Inf 	-3.873227328314029
1.3710225990394571 	17.704348496686823 	Inf 	-3.0185163573455154
1.3940283309875063 	24.854521580048562 	Inf 	-3.039218659671886
1.4498140070935557 	34.0670633442545 	Inf 	-3.1489847029935754
1.4119543339703968 	45.33812884539907 	Inf 	-3.055862048651237
1.5817117699842997 	44.61598110838254 	Inf 	-2.977901591551776
1.4906039812145473 	44.793882248459 	Inf 	-2.7608886367486836
1.332799122931026 	37.39023669525348 	508.0729389002481 	-2.3826065851539964
1.999321259555512 	32.658555831039585 	260.13732353195536 	-2.3319958592129804
1.8777271760629846 	32.0107685740583 	208.110159816305 	-2.6170855763493597
1.3874434988971476 	32.24562190838866 	174.3294602149291 	-2.6521766220146117
0.7377630791256382 	30.938585154934287 	273.9925825042814 	-3.226782258844612
1.0994680469483515 	27.211577948844152 	537.062373103146 	-5.042498048105711
1.8021540440377728 	32.656941928102384 	Inf 	-6.448774742864287
1.133323764183638 	37.85818487325141 	Inf 	-5.43075801952981
0.1973207928028605 	44.435080315191684 	Inf 	-4.771184774668742
0.9940895981734189 	47.16980221363135 	Inf 	-4.5188937960895
0.6604059634795272 	55.79388997707798 	Inf 	-4.436352671544316
1.2478900960270414 	53.328581563716355 	Inf 	-4.0502997883074
1.1678074160895915 	62.91984451389592 	Inf 	-4.074493196041967
2.5199484351653436 	73.3737140947482 	Inf 	-4.281406202681592
2.123851487461888 	94.47942152956955 	Inf 	-4.2335673644589304
1.7979190676983603 	135.34198187369233 	Inf 	-4.368299754028467
P1: 2 solves; P2: 2; trial: 16
5.77231351324852 	5.509131511971072 	5.8514133026186785 	5.262441987387689
5.342804077361832 	5.493001490441262 	5.573539392645022 	5.332796982729529
4.9371829509422795 	5.621550555936502 	5.4197407128310395 	5.336507273752191
4.481044665574814 	5.769172019635058 	5.273432754267306 	5.137607217771111
3.952555874623392 	5.851468590522272 	5.207289088189836 	4.717824543420081
3.2352901787072295 	5.666715193114181 	5.165691826573652 	3.8582582175359414
2.4206894444045095 	5.574528680027125 	5.27970706943114 	2.280124739604652
1.9081953592335306 	5.223377853021413 	5.07150222735976 	-0.4038730514736371
1.8292678399567555 	4.747337228382671 	4.531305174705688 	0.44645054054029465
1.9309837240372232 	4.837421637204524 	4.435471261481904 	-0.17472594806229108
2.352369182844085 	5.648675221360724 	5.050593978205092 	0.33482863538132474
2.479494875372593 	5.616266462106984 	4.831652015732185 	0.9410538448450235
2.448713510112342 	4.938194254629715 	4.272908754008454 	0.7814755087645135
2.4999764058862644 	4.7699338691820286 	4.225471175311927 	1.3960314362400745
2.362913458521521 	4.676706664132395 	4.571406675921788 	1.4685615658991782
2.238974823252237 	4.860751458868771 	4.689478195698318 	1.6574173337485638
2.0382683796989642 	5.278143545269073 	5.33297781767311 	0.7112993973031795
1.8109036803406928 	5.685142193546203 	6.031517726223847 	0.008561826275229624
1.5930729162570374 	5.828395804090887 	7.481713249268146 	-0.6873656053539446
1.2553907575871628 	6.720149492252436 	6.465885940228679 	-1.2102624079472495
0.9193490611646125 	11.676137747355911 	5.805615642930247 	-1.360318662010452
0.7183988587981087 	27.985322560815703 	4.461339581693104 	-1.6138797251858832
0.9882375807296206 	60.75426272794102 	5.263384992590786 	-1.527006803007226
1.3991622575672518 	144.17106693027915 	9.605205040633894 	-1.466115005290335
1.5550247026577222 	335.15193897989457 	16.84458927463225 	-1.520980343740931
1.608789484228609 	537.2838462725405 	26.162128328080186 	-1.5136672134507156
1.5681794001308902 	Inf 	24.24779460278184 	-1.6653269278762626
1.4916150642560222 	Inf 	23.42238459896195 	-2.3431009067165878
1.4901514349874367 	Inf 	45.43547624059429 	-3.0280170985935846
1.506278134083655 	Inf 	111.38473049836026 	-2.8996183250853105
1.3126642474327823 	Inf 	275.02237603447514 	-2.573120291999122
1.0916021170472183 	Inf 	689.7405711602765 	-2.5765745355190983
1.0450151452240266 	Inf 	Inf 	-2.146633204969853
0.998688715567818 	678.5708715207954 	Inf 	-2.5263748518443334
0.9392028838446358 	703.1045763888815 	Inf 	-2.829010082631142
0.9174636391368235 	679.7036074418289 	Inf 	-2.728242031833798
0.9507605062522586 	537.1511239964956 	Inf 	-3.0709599906726286
0.8179685164087402 	439.9436147050849 	Inf 	-3.347139030348889
0.7444725538671494 	277.54016772546845 	Inf 	-3.332990970875045
0.4341115003140536 	273.31800894955035 	Inf 	-3.328328748811425
P1: 2 solves; P2: 2; trial: 17
5.731128249600703 	5.334066546286845 	6.090144171832489 	5.369605052432741
5.4031282997931 	5.563579898769393 	5.419131269638575 	5.315218418931621
5.073328961103524 	5.8638010164281145 	5.19012588153335 	5.307719493664208
4.692869368817058 	6.291013585861134 	5.039336617270692 	5.114588199898915
3.9442832683617066 	6.711818907357068 	4.917415812788059 	4.70746665316458
2.864399006811894 	7.194558014856198 	4.856727299493809 	4.147630621319598
2.0780484665197747 	7.605698099369524 	4.869860396238688 	3.4381833734851637
1.5231501059162766 	7.495448614934911 	4.900923302150036 	2.981839216904899
1.2324376256173775 	6.661963293427252 	5.123786195554953 	0.9701605093791364
1.1277179857282913 	6.0619269547806445 	5.926939422336565 	0.4681875561501435
0.8218500878986988 	5.859818561985009 	7.6367696785253685 	0.012123646682478844
0.56453501990252 	6.943478874056921 	12.1349297226738 	-1.0791947010953085
0.6924754287926561 	7.800769080978549 	28.86535604857894 	-2.4925211679800188
0.9593358216969171 	8.445347664379975 	73.33173660467754 	-2.805180242078697
1.3529313132162615 	8.505961101990431 	247.20975367366117 	-2.7165357529635585
1.4874819294838058 	8.527114036741398 	695.8541411947455 	-2.7815507634357455
1.4563971987056379 	9.452331816562083 	Inf 	-2.2691258557511635
1.316518927596886 	16.485118447784874 	Inf 	-1.7678629593313293
1.32676529618457 	17.07342777051765 	Inf 	-1.6478727629927408
1.3062618188208073 	25.47519542511738 	Inf 	-1.9650513063489883
0.7152909447515866 	33.10002148512672 	Inf 	-2.0184506131236613
0.08091170883461829 	50.5264674136204 	Inf 	-2.105091486370546
0.9822873192369186 	65.31437836482817 	Inf 	-2.114146648105118
0.62157006340615 	66.75962259963244 	Inf 	-1.937905821030184
1.075748418949054 	44.96899016435562 	Inf 	-2.0793241306956576
1.4071886634034678 	33.770511141860204 	Inf 	-2.2038460847700816
1.2270605051181884 	21.066642710541835 	Inf 	-2.0408717535026732
1.1622496240668079 	13.554404303175701 	Inf 	-2.0662750381075123
1.3034356299872316 	11.515479326631235 	Inf 	-2.32777551179441
1.6114552020844972 	8.683605609504374 	Inf 	-2.70024569039422
1.7024279444120587 	6.537450716210226 	Inf 	-3.0496336547787197
1.7434111669302288 	6.519488978994585 	Inf 	-3.076969664229895
1.7232784100818472 	6.114442917531222 	Inf 	-3.3561543403648355
1.6253765442966814 	6.0773678684697385 	Inf 	-3.7816222282275382
1.8095100296897901 	6.083700583376847 	Inf 	-3.7865944267817433
1.5695877147277753 	6.370781790530499 	Inf 	-3.9639140889363227
1.6081315693344775 	6.735925623256852 	Inf 	-4.087325392222857
1.476340470860338 	7.3008124143562485 	Inf 	-4.207086753146832
1.0252793813296563 	7.566190546121292 	Inf 	-4.296184686199192
0.8905572138206327 	7.2082217122199035 	Inf 	-4.385588939333437
P1: 2 solves; P2: 2; trial: 18
4.654289603971331 	5.7179390325113495 	4.757767745992671 	5.3837643011978225
4.468012087877186 	5.940986732288589 	4.759077774235436 	5.405519944546369
4.154612684613442 	6.28929407774068 	4.793771574565522 	5.356206766756937
3.6678885777988093 	6.65256659287822 	4.9144820105523745 	5.024837335691714
2.7350863538664707 	7.898067543667561 	5.197404646565526 	4.401831495584103
2.1088532751041402 	9.964989209081153 	6.128558769449779 	3.216922291848313
1.458281294096441 	11.45824292393075 	7.441189831802198 	1.893235504414047
1.4880552742958681 	11.520616057638627 	9.810606255812749 	-1.2341011964054733
1.6774483092355086 	12.865795722935749 	16.659939106917804 	-2.3176247534258483
1.8392153546120067 	13.090805566490467 	39.15037064801745 	-2.825979932929926
1.3410308731224714 	12.425867314688123 	104.40828599110235 	-3.3393330820546994
1.9731559086094559 	11.968766937585139 	228.88207381231373 	-4.298171867657243
1.7306985886325137 	14.075283185299607 	317.6604730885053 	-4.247322406324264
2.0453064149379028 	18.130765405801906 	474.4880168693994 	-3.177421619495683
2.570612742557913 	26.25309397513898 	542.1710744004948 	-3.4790357870743165
2.6162748731463252 	36.21878852341379 	411.28764384208273 	-3.4503932132546176
2.745785951763782 	49.00363386449863 	374.1783872010947 	-4.332592713691913
2.8570258651906886 	63.7086115436634 	397.6870932715597 	-4.623472525799806
3.176616578495303 	54.84698636575939 	429.11250950335244 	-4.695153173107559
3.359548800571339 	43.721519532057755 	450.29517699780655 	-4.7493462209896125
3.1279007905541594 	38.59713592452146 	547.9499682194781 	-4.874800697715527
2.3994966170084844 	45.85075016919237 	Inf 	-5.592747358138976
2.0430778767673092 	50.32295371259843 	Inf 	-6.549647159435925
1.7232130414586475 	57.83154493348525 	Inf 	-7.532472651287278
1.456147765692217 	60.71668753793855 	Inf 	-7.720020156895435
1.1791090163300881 	57.08950681918206 	Inf 	-7.595420195691421
0.4864630793683696 	70.18457304534492 	Inf 	-7.390157622253648
0.027410027521895135 	137.68161721091187 	Inf 	-7.436833788737353
-0.39081017449714855 	203.1383042529317 	Inf 	-6.95545303810033
-0.5666950393850565 	332.9873368331332 	Inf 	-6.839748368823265
-0.7259714003141179 	387.6384825943974 	Inf 	-1.4417074441496949
-0.8373194028954574 	286.9348276986611 	Inf 	-1.5146629498822015
-0.5470790288096549 	180.62774280153093 	Inf 	-1.597298764311348
0.33663690813175606 	100.91061758560582 	Inf 	-1.701674896771258
0.6146194618808507 	31.695087010403103 	Inf 	-1.8964852806147268
0.6132992639804512 	16.13661163410856 	Inf 	-2.0102082979675315
0.7580219376413435 	13.90838947071114 	249.43827094941275 	-2.162011485531157
0.7592472820652092 	9.372951507921549 	110.06590488145821 	-2.500527794113764
0.9490257586456256 	6.399481532182848 	82.21762529425976 	-3.1233230133152357
1.1609386200952563 	4.944143969453375 	65.67251913074661 	-4.141907743763181
P1: 2 solves; P2: 2; trial: 19
5.355820608464022 	5.898910152553117 	5.375283069551976 	5.745382941282046
5.223471155401427 	6.141510645964129 	5.115671840363315 	5.638845084821262
4.936161632433093 	5.770245417402417 	5.012736290220071 	5.495570920399818
4.543685489961733 	5.349679421155178 	4.909055777710427 	5.213862641328142
3.8866875679917863 	4.925817029609197 	4.646422479942411 	4.729167489560663
2.6693353534762747 	4.335107105767524 	4.550892053754026 	4.060880432202005
1.8719147227326973 	4.166070028659804 	4.57255438834048 	2.872027478435631
-0.09838058154308829 	4.461039669595848 	4.776183239450037 	1.500634414295527
-1.0480452474631017 	4.767547182472612 	4.8323469872591795 	-3.1331993269254417
-1.3082235966787854 	5.172147307458617 	4.765808027636958 	-3.7045574085881734
-1.4487318127804156 	4.8644821119127 	4.835681720087174 	-4.024667793544245
-1.829267729051875 	4.5845311507808395 	5.82773915597009 	-3.778238514288072
-2.167087559769242 	4.285122212783068 	9.114353135574511 	-4.4338307368376935
-2.4947565213637297 	3.0268373894183984 	22.44810133778792 	-3.6828318181017354
-2.967808122600436 	2.788336719384113 	30.717465302115727 	-3.6302945780275273
-3.3308319072730392 	2.9238283383125547 	26.141396928771634 	-3.536501077735629
-3.661651452034088 	5.15354150879624 	14.999861165015325 	-3.5456942385485775
-3.346950678721168 	8.363976687132173 	7.19935633687926 	-3.8211559115013087
-3.569315700105433 	9.870560174790835 	4.066963094269033 	-3.5362716911533116
-4.153473214033912 	18.220470226643908 	3.2457679525066965 	-3.149704949049733
-4.8236650986606975 	30.809416347429956 	2.7262547080313904 	-2.661403593848957
-5.473554717737521 	79.4259769709826 	2.283403196298265 	-2.622074593054545
-5.684548389228686 	167.35664927057167 	1.8773449239669042 	-2.5430072764448513
-5.77493780111002 	342.94724382296755 	1.7118681713185555 	-2.9892462504775366
-5.00220723117967 	611.1251333853621 	1.9159099408426008 	-3.068982476833337
-4.569716818555261 	Inf 	2.47795683554895 	-2.9786591102678206
-3.1156378184761415 	Inf 	3.14908989760357 	-3.180158936553962
-2.087078357245772 	720.8072135023896 	4.888330301633228 	-3.2179400673051104
-2.160130811659393 	659.408448297997 	13.239039917445274 	-3.275540228870792
-1.8752754348791887 	472.5092538208268 	9.00397394847912 	-3.937387766001673
-1.6342421572954275 	353.6561404915895 	2.3245710551979717 	-4.111347389556111
-1.6355553488267458 	253.52733990415175 	1.7044019829408035 	-4.136629100413494
-1.7149215728452596 	114.32982855761747 	1.3809330927378891 	-5.11980005054751
-1.7700998385793907 	77.55745182990063 	3.4168644790990936 	-5.855849745884824
-2.0401550672918196 	49.46836282228097 	14.913219910242223 	-6.2072227230265975
-2.168682898708925 	32.33548085056575 	18.906459082462423 	-5.466299591192593
-2.00852624990345 	16.210424467890217 	13.985157918862352 	-5.690437035656227
-1.1850912921079824 	10.108796646233227 	13.38293071706629 	-5.853966521742681
-1.564521584267694 	4.222869476857993 	11.942340551078278 	-5.731917145774501
-1.8759300017883584 	2.376531986139718 	12.76274025939353 	-5.610365729439306
P1: 2 solves; P2: 2; trial: 20
5.538107702580407 	6.211496866063026 	5.843992580440777 	6.104842862922048
5.151659462154814 	6.526254290845006 	5.472029258595127 	5.940557082374646
4.822942153360627 	6.422872496715937 	5.386028326677088 	5.685480503486156
4.432557750418643 	6.330948314398346 	5.106960385690244 	5.1981884407986225
3.796262204939983 	5.993659121440776 	4.905743770827095 	4.472083220170645
2.87947046922985 	5.867110911947863 	5.117634882682071 	3.137466269333013
1.7588841870909666 	5.865780975807353 	5.607752582184363 	1.07133534201041
0.6464676857726525 	5.641306243414524 	7.009754940698492 	-2.039075587815883
0.6288061812510787 	5.07048911494306 	11.217811708937818 	-2.645279714545972
0.7211765592841135 	4.496801557114262 	27.872822618263818 	-3.1188238897629113
0.9626248849213883 	4.0379822000077015 	76.80810740834181 	-3.5331523011502752
0.7501830161289847 	3.681422229504556 	226.94278408388433 	-3.8116162567076235
0.17550323117289474 	3.258491434571358 	165.0599807323473 	-3.85441384624815
-3.1375571820685715 	21.330559145681974 	Inf 	-4.049297819339967
-3.670653399860151 	20.076033710265023 	Inf 	-3.6382963897074307
-3.991119732552684 	27.961449946415083 	Inf 	-3.408837329004434
-4.1203999992736975 	12.510453207624515 	Inf 	-3.3287959338136655
-4.213399524055785 	11.881813459186661 	Inf 	-3.3285235723594266
-4.706900634754878 	6.405339631591452 	Inf 	-3.3461087741360385
-6.0256843175175305 	3.5370086792938786 	Inf 	-3.2520852952511805
-5.919263909809979 	1.467408617241909 	Inf 	-3.044713856062409
-5.655917513210555 	0.5349878185419092 	Inf 	-3.0276816217614924
-5.972564294863279 	-0.039534496865240465 	Inf 	-2.9212916737068206
-6.355856762635361 	-0.24112080773910763 	Inf 	-2.7551021460848655
-6.791741229079098 	-0.1821468001713301 	Inf 	-2.649808420594986
-6.649837088572308 	0.6507917534266019 	704.6908242240851 	-2.8399936287486627
-6.638428470317518 	3.0073067122929666 	572.3232607184736 	-2.410240117593002
-6.43573747290803 	6.783203129202637 	486.7161794992662 	-2.517327033966158
-5.950333247608758 	8.98025523939154 	393.98041434196153 	-2.449363481833645
-5.15198820139013 	5.587552757203819 	341.41412312312883 	-2.433035500421371
-4.758657892209757 	1.813835203219005 	299.96632906883104 	-2.5990845243627625
-4.362573388622118 	-0.4299035094739582 	263.4560739230064 	-2.6227720146499465
-4.897938249596653 	-1.0861726242841359 	223.30751913362138 	-2.6590902611655665
-5.115016436210071 	-1.6507920281174409 	210.98053293485788 	-2.859911767968672
-5.45777783943868 	-1.862689614015464 	200.17028913459626 	-2.811398860392762
-5.172201260544069 	-2.50282244073632 	188.3142889496396 	-2.9209855872926496
-5.581179919023428 	-2.74229889866801 	176.06000410697436 	-3.2449104452991913
-5.3653324128556195 	-2.917298794293065 	162.00059071338407 	-3.2635369969854393
-5.18685795726779 	-2.600077031159687 	148.71508902389036 	-3.232289888041894
-5.013837581040736 	-2.4452772930568805 	147.58995807420033 	-3.4215704286026196
P1: 0.2; P2: 0.1; trial: 1
5.228464160034773 	5.429180042955946 	5.351290296415316 	5.681236796230075
4.859256708954763 	5.264507165573021 	4.89402466044813 	5.72414621894978
4.360878958895229 	5.028188532627854 	4.7551931366518065 	5.543610207789201
3.7612780364188576 	4.7455877343904485 	4.680062072446112 	5.0869723218346
2.998847068151361 	4.29373968142639 	4.499997896458233 	4.247812836935106
1.9725789539210379 	3.744314955370779 	4.433773565991441 	2.9266583183406936
0.7778212656430986 	3.1747775328632484 	4.610688407743604 	1.1305409375552307
-1.3091270288968773 	2.9007769701711834 	4.874476327399065 	-0.9200551058833297
-2.761294184177649 	3.31198239071156 	5.534814056708825 	-1.408683776065993
-5.209835573916621 	5.4615790547116205 	8.853648929510337 	-1.672243939370689
-5.822541983521471 	9.756904149970271 	15.215542648974242 	-2.2277965209716752
-6.211499550303775 	10.154945402759227 	38.074245025823764 	-2.716221057825199
-5.787133243881849 	14.138106196199702 	55.703136139899776 	-3.134965172997897
-5.546103180746888 	18.29837702904567 	67.91680763964995 	-3.700915801055486
-6.100263481715282 	37.50505312973076 	222.71811394622193 	-4.236450218454951
-7.637181284211865 	336.23944302240716 	442.702808973312 	-4.292649232852965
-8.290378147238684 	Inf 	Inf 	-5.13191097595269
-7.749786424722338 	149.34516253017537 	Inf 	-4.918452046341245
-8.115125293138354 	56.600940222223564 	Inf 	-5.156969104564576
-7.9406702564163725 	79.00836429863095 	Inf 	-5.3335682886657025
-7.685894096620041 	100.23002690329787 	Inf 	-5.390189612094547
-7.227318098477251 	124.33776254965112 	Inf 	-5.6112673337052765
-5.905119210057713 	149.5792832986174 	Inf 	-5.466340157718705
-5.816354886784651 	122.04436448007789 	Inf 	-5.836303023259829
-5.842266347260917 	149.63092161614784 	Inf 	-5.850658571396468
-6.022544328269587 	202.0153950396789 	Inf 	-5.7380959386583585
-5.781159200587578 	258.226558423526 	Inf 	-5.78019339571067
-5.129443616904979 	233.1026820083506 	Inf 	-5.865678927730523
-3.92502486215624 	251.36402998172312 	Inf 	-5.9007237321632
-3.5983031367128664 	253.56809562670142 	Inf 	-6.007491212257635
-3.654341213943778 	229.34907587140353 	Inf 	-5.8687007282159565
-3.9148618638419266 	135.94988635438267 	Inf 	-6.135757455879037
-3.2379341934441466 	131.14151510930324 	Inf 	-6.3917757919471745
-2.2465212016131053 	119.91420875294587 	Inf 	-6.343295428540418
-1.0867430262386297 	97.50670783103662 	Inf 	-6.373666316369425
-0.260404016886899 	83.45389203256607 	Inf 	-6.39215808923854
-0.33696840494200286 	82.01802415708458 	Inf 	-6.265135935570844
-0.5223767657354963 	106.20659416944585 	Inf 	-6.4460125286087315
-0.7723330526076128 	188.54513511405005 	Inf 	-6.592511521404643
-0.7683737496903821 	183.0573889053945 	Inf 	-6.522714039399834
P1: 0.2; P2: 0.1; trial: 2
5.479525935361472 	5.636214413428357 	6.190438841437967 	5.336428438332693
4.956495719590744 	5.30089685900105 	6.091522656741892 	5.300037245222477
4.202437475306885 	5.180617550982384 	6.042719313528641 	5.30844920533798
3.142746220378834 	5.416879033073676 	5.891526899619301 	5.178991835158777
1.5521367759246691 	7.320427504714998 	5.904619829412519 	4.722384022413043
-0.20830569614386613 	8.436707755296862 	6.2632882626361965 	3.924655311742059
-3.2850869028301384 	7.237236807968327 	6.7981611071792285 	2.9751645231539445
-3.238821305864737 	6.07330895954905 	8.6312567807131 	1.0521602769892104
-3.3751192475961083 	6.6304644700844655 	10.374906519001657 	-3.5390644673572673
-3.762350162630622 	9.311234569415209 	7.922131671851191 	-3.7487518165592784
-4.438203816502081 	16.700455731165068 	11.273022748109925 	-3.8450774885835117
-4.941225715644434 	14.285062771925721 	26.804008584257243 	-3.0145747271181915
-6.196687244463237 	19.784203801643738 	24.354962755284376 	-3.362494607330338
-6.199237237609048 	96.07863224055059 	14.677251622644613 	-3.7306910779414486
-6.532172234469476 	264.134534778432 	7.231866694586111 	-3.53037173184953
-7.228817152283081 	488.9651478358886 	5.526862683515668 	-4.072974402435929
-7.217781189945683 	Inf 	5.024080974136173 	-4.776895210158232
-6.790457371983543 	Inf 	5.248850348022734 	-4.434956108741627
-6.990667061194971 	Inf 	6.815728908304613 	-4.397652158935059
-7.104950509665117 	Inf 	12.141009900133488 	-3.135615520237946
-6.365731151202752 	Inf 	22.043674632774426 	-3.10974471200506
-7.2677413241266695 	Inf 	20.65799689101304 	-3.0838775004991184
-5.822292161104696 	Inf 	21.2225701582575 	-3.3596712883961
-6.926370772960179 	Inf 	21.92031338051576 	-3.4966980117782005
-6.38990120699633 	Inf 	10.691566511383655 	-3.7254989750192853
-5.259527337684957 	Inf 	9.757502287877784 	-4.119263085925536
-5.818544427773371 	Inf 	9.41123214140406 	-4.790237499979853
-4.90551961570214 	Inf 	10.16278731609342 	-5.463524105757544
-5.5423529630055715 	Inf 	12.045692574753888 	-5.491915399417969
-5.479118884463099 	511.78488522665015 	14.276316517710958 	-5.990842553548429
-3.7576361633152446 	452.4277847428835 	14.638134666005827 	-6.261182226557338
-3.549651805450271 	229.7539416736591 	13.067783829812964 	-6.10867984035461
-3.714500826731938 	170.5081610724961 	10.705047917699282 	-5.601563413496199
-3.718449887815111 	109.73047243911822 	8.373369148535003 	-5.889175578095144
-3.2360664290620336 	70.55632207259751 	8.104842426022223 	-5.786159395002712
-1.6800494096226106 	32.37792832229512 	11.168166573346813 	-6.638754541546204
-1.7183931526323206 	21.664712745207787 	25.225677373458232 	-6.949745888891328
-2.048126258934857 	17.805100464791483 	62.45010545506443 	-7.296100988264041
-2.274991744650666 	17.965414134255393 	210.9380878801127 	-7.11056632924935
-2.7325073027981044 	24.28976894160339 	323.5652228764895 	-6.790054139563816
P1: 0.2; P2: 0.1; trial: 3
5.49902264344184 	5.920635119176079 	6.051679681644082 	5.756511304941529
5.039169377189617 	6.446495953586066 	5.787202107763466 	5.640229831103845
4.491843992933304 	7.130870432886839 	5.180435922235369 	5.585545270657959
3.8364982676896977 	7.807138304459496 	4.781575875928082 	5.350789239505858
3.0231123579050365 	10.249386243610818 	4.754304764787618 	4.684946496222941
1.8616683518197499 	10.637372949126023 	4.918637771335988 	3.884459868938378
0.6671043261984136 	14.494649762650967 	5.240711400958088 	3.0521161394243608
0.3977123434219408 	15.91929325303535 	5.3863480197240525 	1.7694899045428354
0.7196137270280869 	18.409939960106858 	5.961625702700421 	0.8208319203570988
0.9640911275883647 	20.51655687845426 	5.688999986394384 	-0.2705279047787714
0.9331746642869869 	20.957775050195814 	5.014628223541521 	-1.169402642381443
0.681144489939181 	25.604410792968746 	5.544570853916553 	-2.0877331145783957
0.5259864080402596 	48.86525813790426 	7.660239985287277 	-2.948007967893175
-0.04675118018111665 	94.21604344673351 	13.709470888699226 	-3.1479905598830675
-0.5981069785345271 	121.17421018375605 	50.40921522605882 	-3.039975386722383
0.04511371429526818 	74.6116264274634 	440.9899129159076 	-2.9774891695172148
0.7311227153617489 	60.957400730048555 	Inf 	-3.285074230731938
1.1120624644564825 	45.37936863312043 	Inf 	-3.398121820075998
1.3282799414295252 	31.78059121656874 	Inf 	-3.6486729683746835
1.8585333725477804 	26.81260886977439 	Inf 	-3.9184277385301836
2.0350007612930443 	30.560255585440476 	Inf 	-4.130080914600664
2.038095570930243 	32.84683479234765 	Inf 	-3.548891716795244
1.7837625986833139 	37.709069032505646 	Inf 	-2.8615662062168097
1.5784146322611043 	49.83728715976801 	Inf 	-3.29231745190463
0.9974989227947074 	33.91757786983557 	Inf 	-3.4779793893009785
1.723040892535919 	34.66613458288507 	Inf 	-3.7004995312818454
1.7536610762960407 	38.85843229928025 	Inf 	-3.8070068412499447
1.6808296322797294 	37.72543226961607 	Inf 	-3.948272144165657
1.8881616731767565 	39.616655461201724 	Inf 	-4.185993790524195
1.9453128641141615 	45.83204486150847 	Inf 	-4.347831666855293
1.7694353675675856 	55.184073265851964 	Inf 	-4.527275151242822
1.688484164806963 	81.54196115200149 	Inf 	-4.840295369708279
1.631568724416358 	77.94064581262721 	Inf 	-4.989741956973151
1.499067091000562 	60.20917429422878 	Inf 	-5.289693943104685
2.445415956102668 	41.0656927964141 	Inf 	-5.074301341784323
2.6416277807841504 	39.32227325576376 	Inf 	-4.930705677070681
2.3384247935712734 	49.36664360169182 	Inf 	-4.834253569634797
1.6976463838849192 	146.33596408623305 	Inf 	-4.9051261194271705
2.018833782240619 	111.99131416861758 	Inf 	-5.073211383914012
2.2779395898300097 	104.37232973687918 	Inf 	-5.107994395864937
P1: 0.2; P2: 0.1; trial: 4
5.301609168377376 	5.024863774669151 	5.779607804678469 	5.281647535412346
4.904557034305266 	5.118750804668847 	5.470132297159773 	5.315456987282596
4.368795461623938 	5.1935364699019555 	5.203058878874245 	5.3759643853620735
3.691383733150948 	4.686172682676859 	5.029379933604017 	5.208028534984125
2.5387637370444986 	3.9470311364633472 	5.175262252539302 	4.792550748689703
1.2539332441752966 	3.5973403569236613 	5.3873753781952685 	4.150666167688482
0.45486761403269754 	3.7395102805069635 	5.659144517449135 	3.0563295347255024
-0.29165342841683894 	5.494667243726838 	6.160285444660097 	1.6820230225909079
-0.7825506247952249 	7.8949002536113815 	7.136326288744635 	-0.5948241781154767
-4.721518580177174 	16.164076198186507 	8.8074493288303 	-0.26408959211955013
-4.951228533473743 	36.12459302255612 	13.053231055449432 	-0.5323564984955532
-6.129320954410011 	86.31143466635586 	22.84324143725744 	-1.1272850103382737
-8.123447450513957 	78.17534411919027 	28.686315305740045 	-1.9255923511759792
-8.63365648582827 	80.0606302560342 	16.24083991378878 	-2.7555077874641163
-10.633016417669316 	61.39343338626461 	21.380660047439036 	-2.9739782954518197
-10.663991316769987 	60.30278494449952 	14.32864187806742 	-2.914746887163023
-9.53474590115939 	69.29071531789208 	12.318919759304618 	-3.086745727203689
-8.506047959361647 	50.23635452700052 	9.9570202756396 	-3.4335734857419298
-8.375861101223864 	28.516582823028674 	8.443870127465823 	-3.45546377943768
-7.866119591231769 	9.684535818327117 	8.398751272699347 	-3.5672001778981555
-7.816820227006176 	3.1879055897362685 	9.350166888162263 	-3.4431250812257956
-7.192529956354783 	2.1081863929685403 	12.849817063660126 	-3.683643761955098
-6.729938368154589 	3.0644385753081194 	23.695876543981342 	-3.734226839677293
-6.357381803553354 	4.6638926770507565 	51.09607403419695 	-3.683399521346665
-5.005074673609625 	4.601426500089399 	86.85286214537763 	-3.7535841816274913
-4.80836471607983 	5.272507986581834 	120.62645676021555 	-3.906909027396824
-4.618817362482819 	5.541403168064429 	206.36062757466107 	-4.33391778218128
-3.46966846714223 	8.226952976398282 	382.46736055340756 	-4.816465188832539
-2.6005685623739634 	13.139454036598883 	635.5749763389714 	-5.506644696329663
-0.4498579236486787 	17.740290417096165 	Inf 	-6.0633397850399415
0.7463499956929787 	20.519526575296855 	Inf 	-7.693955608823284
1.147342959547531 	23.64084358482305 	Inf 	-8.34078946858397
0.8762980422680995 	23.051983636380093 	Inf 	-9.050458231275949
0.4857355437693463 	25.305187029967012 	Inf 	-7.950953384472082
0.0961073801496845 	18.60228355716405 	Inf 	-8.137319998786648
-0.1963419696950742 	12.470182798362003 	Inf 	-7.3715184752663445
-0.47533857480788044 	9.056958871958726 	Inf 	-7.511624673878856
1.2797904101744175 	8.625770314787648 	Inf 	-7.623680991712636
2.1383705505063224 	9.441329293897594 	Inf 	-6.620031589405247
1.9442112414393766 	9.77330275623675 	Inf 	-5.9383421836126775
P1: 0.2; P2: 0.1; trial: 5
5.447355244528731 	6.1232034023802235 	5.942982027843857 	5.578249874348421
5.149210521836539 	6.2476525942863645 	6.071085330430822 	5.592761851300245
4.58192627631609 	6.405972889122301 	5.800908487261387 	5.434523540653316
3.731639298843649 	6.23178422199753 	5.413582551933495 	5.200360693307711
2.69967023881815 	5.620845984156998 	5.196121206955955 	4.733989585180854
1.5924775161572382 	5.190207346619537 	5.03422752489027 	3.905470368338389
0.4733853594984612 	4.811923985242183 	5.170998404698804 	2.1025443935767196
0.07410019538031719 	4.4171752668636755 	5.629294769573258 	-2.0450074291616587
-0.14682714805179137 	3.944134152311295 	6.8804468982934734 	-3.119479459559668
-1.1836758248385089 	3.2000008938188906 	9.759217191896518 	-2.850298679689588
-1.5404645832012256 	2.8582183399521006 	31.648923456397327 	-2.6030164030202285
-1.8742588013008166 	2.430238557941864 	147.06947167852968 	-3.185561584740028
-2.116849671637072 	1.8179132112870664 	Inf 	-3.0286879462019423
-4.530219411050409 	1.1327615825101263 	Inf 	-2.333830863063429
-4.746652615615421 	0.9917431642579975 	Inf 	-2.984890179387693
-5.0307327531744575 	1.3376161994829854 	Inf 	-2.889450196536339
-5.921088328778104 	1.0602449069530953 	Inf 	-2.9042248028962288
-6.37636650395707 	1.563017863972527 	Inf 	-3.2703865037091613
-6.487350184762031 	2.3722613512195907 	Inf 	-3.587849121008722
-6.787633869739222 	4.088949171232675 	Inf 	-3.7931838757280767
-6.7312850143063105 	3.5739546734208054 	Inf 	-3.8989775905594732
-6.918319610986411 	3.2208949724004654 	Inf 	-4.059047687668615
-7.212088224058939 	2.6987897455572276 	Inf 	-4.1378753542349305
-6.667278822889618 	2.1837294139059384 	Inf 	-4.1869148220907295
-6.074975907354854 	2.099058768519129 	Inf 	-4.1781660399815
-5.8715731546537695 	2.765972619084426 	Inf 	-4.096603234968777
-5.650734928059181 	4.973780673503393 	Inf 	-4.336777566833291
-5.510943070698219 	8.622702992340969 	Inf 	-4.625506778873239
-5.609612329943104 	11.975865206629873 	Inf 	-4.837730055580059
-5.368508298693373 	15.946334720267915 	Inf 	-4.951669592742092
-5.067681926108893 	19.15874458234434 	Inf 	-5.224150403839163
-4.885300790083377 	22.483812447770354 	Inf 	-4.982331540785864
-4.830248356640494 	24.793210898282336 	Inf 	-5.320710030504438
-4.947165533105807 	24.917006477264266 	Inf 	-5.048149221022048
-5.233179637803593 	22.990034263178934 	Inf 	-4.657652558817271
-5.298123127158222 	20.104420383639297 	Inf 	-4.910067515567297
-5.380308771334413 	18.16666410046348 	Inf 	-4.964448747665146
-5.524862198772294 	18.573366958450173 	702.5928980043003 	-4.753250966657392
-6.0023440986437455 	25.31811154522078 	634.3806597733577 	-5.068794651518105
-6.289762364430935 	30.61593636007276 	537.0664706898579 	-5.456145743674713
P1: 0.2; P2: 0.1; trial: 6
5.26676656169467 	4.938981926624628 	5.732094483024485 	4.776828536356853
4.895569519236282 	4.935636167578037 	5.875983524383684 	4.86415560999873
4.3442510743718055 	5.06986846908812 	5.7431368080524985 	4.995512475270835
3.611618730970885 	4.932447255850841 	5.605397195352682 	4.987319680800348
2.6214243051951676 	4.866573923872968 	5.533310596131911 	4.697493580759023
1.4008898149925588 	4.778582151022684 	5.603276421749305 	4.430351255092891
0.41286384848860025 	5.0382584747642065 	5.968526686694483 	3.679109202016912
-0.432548415706863 	5.091603162378416 	6.2404095602397485 	2.559817997155535
-0.7233884041492289 	5.236981479519423 	5.918637060105969 	1.144041581410509
-1.0641388603812127 	6.863545403427797 	5.364954592846387 	0.24446289010670888
-1.2134262361961556 	5.466604679925423 	4.997039188620796 	-0.38552072721254127
-1.6173498827778645 	7.127892693324464 	5.542042549291171 	-0.508017528332
-1.1763903635164197 	6.6486839159099995 	5.781062460395489 	-0.20617643642238845
-0.5997058974016283 	7.709409486516023 	7.733674620479704 	-0.5758712035849155
-1.0868794658260708 	10.270751555520269 	11.715977771041702 	-1.0224342747209736
-0.6156520818926269 	12.882166867226037 	13.743765253136697 	-1.4276354029458094
-0.10768810507724919 	8.588608746979972 	9.821837381942458 	-1.688091179943216
0.13449658296207065 	13.381922093047915 	4.904596224994555 	-0.9028033272690978
0.24092698771258902 	20.45993705854505 	4.620826451196333 	-1.0905104769816407
0.0863189727278871 	89.5700881062101 	6.380641607078452 	-1.02670089935434
0.20748980503679182 	126.9640971126196 	11.491079733895615 	-0.9103861758778358
-0.06688542196120535 	114.59953094119895 	18.87837456757717 	-1.0105467712386142
0.1119211311926601 	101.10847324513168 	19.794778543654434 	-1.2878536859691796
0.4505539197274604 	91.63005412117607 	26.661803533333174 	-1.8241936082210337
1.220884753600723 	86.5345360410409 	30.07335323090486 	-2.6765289075269414
1.4710516667170388 	77.65864754539538 	38.675659139382766 	-3.4356687590085677
1.1818212702061048 	53.27589566435522 	42.347190339126584 	-3.9166583692949395
0.5606002929972467 	32.69103953462058 	25.038939321791347 	-3.8503830510097408
0.38145483370873484 	18.534174914502483 	11.969206844528651 	-4.158472334444074
0.3426663606806433 	10.829239472237983 	8.174964493467733 	-4.349150234924236
-0.10068889230553403 	5.676228651174579 	9.11208235810543 	-4.55389778409529
-0.8221552927536407 	3.9287110679509993 	16.24434392679974 	-4.899681593813654
-0.9065985571430938 	6.63580182011605 	25.120455338709682 	-4.906865605725724
-0.7457367989933671 	14.178612916870055 	42.72679918336081 	-4.720658440388877
-1.1362039419885663 	16.566528278913225 	91.48688028833686 	-4.644926107464691
-1.4091319705801044 	15.160066223236779 	167.65759778003064 	-4.639021960703502
-1.2382471434298925 	14.522713856942099 	Inf 	-4.621136734469771
-1.5742025458398157 	17.149898488154893 	Inf 	-4.627814763694752
-1.6714241744079412 	23.582258415267255 	Inf 	-4.6326604224595105
-1.1806759628626133 	27.649081986173112 	Inf 	-4.258601106230189
P1: 0.2; P2: 0.1; trial: 7
5.140719503825436 	5.195245159274023 	5.36259642230839 	5.211789273687356
4.78774015537093 	5.295540256186715 	5.084620821612993 	5.175940211504322
4.202967022776392 	5.86074432709227 	4.836456969241735 	5.0081981597877006
3.6619594333241503 	6.34761091535822 	4.830967534524704 	4.749092631032965
2.598555088661859 	6.341659401662469 	4.857434744039201 	4.215672353448091
1.9227796834987816 	6.5488886682963505 	5.040407614791153 	3.3873953129736645
1.5941670595913886 	6.4211484603263544 	5.084651123052064 	2.0868177820896343
1.7104944296161424 	6.502953639582265 	5.425548406940955 	0.09817219923185944
1.6668679025111763 	6.648647857957802 	6.541848692898863 	-0.3960252840110877
1.6390349558495927 	6.3868139820176895 	7.5199034051140385 	-1.7480907663921283
1.7999632532281793 	5.7956351411778915 	9.68208264418468 	0.20163966400506622
1.8688650465189796 	5.62309850455653 	11.30958779045526 	1.2966211601646218
1.7023325485259528 	5.2827351487601275 	17.009916821149424 	0.9328070679123196
1.6029231781219122 	5.058854746114391 	14.047686210246715 	0.5167224871248299
1.5894674535898479 	5.059998288788786 	9.650598579524052 	-0.11788055600700738
1.717084621275434 	5.256561962850779 	6.924143384856013 	-1.1392087999354794
1.828669496039497 	5.703380656399107 	5.268684339268212 	-2.2587477234212807
1.5664029526186702 	5.808725033685237 	4.1353273242510635 	-3.0405949130696666
1.1633052519012588 	5.577818061048193 	3.654474540298223 	-3.2309673702549273
0.9605496142071309 	6.3950107534719685 	3.576364249100435 	-3.5892993536465214
-0.044211250987191315 	8.441017940511243 	4.5152217134506145 	-2.9012806657289065
-0.015010925973227032 	10.716783087018666 	13.03134099878387 	-1.9031458540497728
-0.35469907905358006 	15.217730690298348 	41.582795825414074 	-2.2402162400915357
-0.8213572810365852 	18.38199214672566 	44.41991081111787 	-2.654380797472665
-1.076832330080008 	23.27922739000351 	41.30935939868875 	-2.9597402361603087
-1.8374148026997403 	25.11993551425204 	48.84872860181928 	-2.038708288484648
-2.0315427684876917 	26.708609160156406 	70.62973169196309 	-0.6718228736544865
-2.804850645399462 	23.263051671992727 	82.02114852825058 	-0.054067421869407065
-2.6738451529399225 	15.357806359803684 	85.32861728718666 	0.8669553804834353
-2.854470972884832 	13.706221267537906 	97.81266733998964 	0.7078683470231707
-3.086640843954883 	10.733166697965698 	114.54824570168316 	0.4887527642459861
-3.336901043634992 	7.496365014807804 	143.96706822465976 	-0.07455570802430837
-4.31504676975062 	4.809357341869508 	198.64812646865337 	-0.46102171979649187
-5.361481560298771 	3.2912958170952815 	299.1068140499237 	-1.0745551322078941
-6.440616583022292 	2.4201397040907886 	437.10530062508946 	-1.441267364905493
-6.81711754488233 	1.7698499060057487 	553.1883595040201 	-1.7559983215418233
-8.296242036729975 	1.1393747106987047 	586.4009939922097 	-1.9334216221299445
-9.02938691055317 	0.5689556725590833 	547.9156843092771 	-2.29139560332781
-9.291148605691491 	0.49265524945747 	519.3135114916636 	-2.47120779909854
-9.301107734241812 	0.5422800166726773 	503.88360860601057 	-2.6915351027949477
P1: 0.2; P2: 0.1; trial: 8
4.919107677670183 	5.061332520786682 	5.093517137042977 	5.077017544654102
4.649741644996931 	5.261664712981475 	4.961972173106555 	5.234124132392367
4.179088655743485 	5.161138686910265 	4.777851298287272 	5.2256474434202325
3.5913614200529302 	4.992372378821896 	4.656943113367599 	5.082350174442943
2.417043814907191 	4.560237628623886 	4.644028028379521 	4.817143544757196
1.4853987484363136 	4.191123421178953 	4.6308016315861815 	4.199123852257921
0.7762310831558596 	4.092245012725924 	4.587176453433944 	3.2317383605577406
0.5590537214066293 	4.083879186555922 	4.3648288505095225 	1.6438442142811707
0.03162301698932095 	4.074343073254153 	3.8596192904491304 	-0.12955866667758983
-0.21289319699525627 	4.768905780744032 	3.4158188211413174 	-2.202882112948337
0.3153130361209811 	5.721679234029141 	4.664433263334882 	-2.3776353925968756
1.1462971918037836 	6.5414034641715375 	5.4827103090862925 	-2.418755852480272
1.11634684267328 	5.798333494813608 	6.880666261406541 	-2.61630065979163
1.131380650812259 	5.026382462948844 	10.949683305285662 	-2.5065184170272174
1.0294112108552467 	4.752694986169648 	19.96439173322981 	-2.7469862190167684
1.0317068997360732 	5.399624207891235 	30.131222174178852 	-2.7758280171248835
1.786968478642254 	6.997575018046981 	22.852823589451035 	-2.4860290675194903
1.4190803570906267 	10.450762335249648 	12.58311081628585 	-2.044997064883248
2.021274854214529 	19.784643670756605 	7.77902429338712 	-1.5515529280647489
1.7645223094375582 	30.937095674874456 	5.879705994962083 	-2.226318518969823
1.9903347882231328 	49.86433432736886 	6.228680449649527 	-3.4694521231275957
1.8236677996520776 	71.5317142924372 	10.617815351544266 	-4.033983261306373
1.7867869846846716 	94.90517390374838 	19.65832166111765 	-4.37029857894795
1.494423578779572 	99.01581024392272 	32.655478607969386 	-4.24354810464512
1.1041977934009632 	110.67558508871028 	49.0316390355482 	-3.987884522635654
2.353695579398718 	99.05188017841814 	58.37248263984064 	-4.623651936303166
2.169843954466964 	89.20807055704017 	86.56325372334962 	-5.141441542257567
2.0070173424396693 	82.55897258892335 	150.72530592803258 	-5.173153136906097
1.605959314789316 	66.38069188301631 	309.83674565777403 	-5.434219563765411
1.059596423201779 	56.97999398707561 	460.08745699362805 	-4.671471912608036
0.5982931742976294 	55.74834899264097 	512.2002956312456 	-2.6688265800660944
0.1992720172011753 	59.30784491577986 	600.0420958556232 	-2.3292005879710835
0.5791002223787074 	73.39769790445193 	Inf 	-2.095852582077054
0.40370562739853905 	44.67583381475074 	Inf 	-1.9698018443619276
0.9334758457437177 	53.98501914536022 	671.2176301449322 	-2.087813270851032
1.7250444736896877 	57.77569679761757 	570.8940580400819 	-2.5240008831484966
1.347030579455655 	60.05164002097258 	546.8937842280882 	-3.5029904534608103
1.0980365721219758 	92.61401135723311 	688.542554333101 	-5.0114386788462175
1.0024836654613505 	109.78018377185644 	Inf 	-5.9777831028325075
0.8779759222187654 	132.9370954447577 	714.7562748985256 	-6.859356037248216
P1: 0.2; P2: 0.1; trial: 9
4.917624453936485 	5.439003270160267 	5.112001883911691 	5.6076492561620706
4.661684767632733 	5.40704543040603 	4.9635122951609425 	5.567479325113422
4.224143678565545 	5.055703320443939 	4.834065718863226 	5.525595340116942
3.6333016789344703 	4.74572846945865 	4.756799847761368 	5.221169736608447
2.886890626751452 	4.459175899047516 	4.775324726228584 	4.496987006249822
2.029482438359041 	4.081727362178676 	4.867888201607866 	2.9224156592478483
1.343705552675171 	3.6052188123661755 	4.954583309244556 	1.2334076680804984
0.2017122416809193 	3.1374773883766918 	4.974778884015665 	-0.3857026374641022
-0.742864154352638 	2.826684746457552 	5.119361155484425 	-0.8177138072216203
-2.2177396933554756 	2.7127882740141187 	5.665673163614108 	0.38220417362154946
-2.6928374658306082 	3.0353628948332823 	7.7798550625089895 	0.4444993177428968
-3.2648916564580244 	3.431037700930986 	12.939398355395987 	0.13317097437787953
-3.6120389978378924 	3.723405383599494 	28.182998246459814 	-0.23844130834490057
-3.471333491142829 	4.080490811319803 	38.98936794167457 	-0.5819783822441335
-3.2998897762486057 	4.187916939587792 	40.567200569979214 	-1.9688872146057708
-3.197862173961188 	4.0723452361616985 	46.736200977138104 	-2.592604105902257
-3.3514239098316927 	4.471136670414914 	46.77699113684416 	-3.4049059726952775
-3.3824842983529932 	3.7816642570586345 	80.47279453644002 	-3.7067307507817535
-3.738951989696208 	3.7283569319891194 	154.58774539272508 	-3.7539935425039705
-3.519581883479494 	3.7050172948194113 	264.4634820841401 	-3.6794602254608697
-3.030923541569449 	3.6951604960806286 	691.3134033499737 	-4.162538961093594
-2.718646866639809 	3.774897147056337 	724.8512553074586 	-4.2079868473179385
-2.537594279693655 	3.8782305476495136 	675.7648597363788 	-4.207602404757934
-2.199860766133865 	3.9958469143092197 	666.2527032820394 	-4.400525861980554
-2.226657633342808 	4.028994751016906 	707.05389204308 	-4.461911939122651
-1.9892476147158493 	3.9120804760252446 	593.7764659374267 	-4.650731819059629
-1.4188979789958616 	3.760848479449303 	470.2885488619042 	-4.83963281234445
-2.146302096579883 	4.410541768757655 	385.40146664616776 	-5.106650920460597
-2.4955847498859134 	4.353249125247754 	317.93456554186713 	-5.261485867874935
-2.0474571394397945 	4.8993486892858575 	283.3622020984582 	-5.305065939834272
-1.5426252383238084 	4.977945677146208 	276.2553771882159 	-6.055793203214757
-1.116128387076189 	4.688033424299782 	302.3963379044838 	-6.157870693672795
-0.9444322645544615 	4.8020204464862815 	391.1342555595773 	-6.336437947025589
-0.7815096524923787 	4.070330403884143 	489.79547119661373 	-5.714903173899769
-0.8541969968619049 	3.656156686190392 	688.4185991208983 	-6.5023090643618815
-1.3436927638945908 	3.3510556338293145 	Inf 	-6.770877263593985
-2.2165251462854862 	3.2055887066874855 	Inf 	-6.956853412729767
-3.9918134334898956 	2.649212930218375 	Inf 	-7.005099820218585
-4.173154308451921 	2.8319212856358025 	Inf 	-6.910103493833608
-5.430275824449077 	3.516245725050227 	Inf 	-6.410414029050262
P1: 0.2; P2: 0.1; trial: 10
4.935081044034348 	6.347059427257567 	5.253646243411252 	5.849123782885244
4.540417551017424 	6.282127239550528 	4.914399086315662 	5.719367376928936
4.01427296629926 	6.065313214794007 	4.658703715421356 	5.726011366038835
3.3334416425805196 	6.180215676498629 	4.591200857662669 	5.551387929112866
2.6360526033981184 	6.239072682653095 	4.623332985883605 	5.146998630034825
1.852296456894566 	6.466370284477656 	4.47607929552408 	4.214406218630547
1.8319748365589026 	6.77081989949247 	4.595085783715789 	2.567764899306374
2.014905151576077 	7.113381806142276 	4.768248285976369 	1.3371336723863394
2.511715168281134 	7.162357389414743 	5.126834254054879 	0.08674896679722637
2.139461500562701 	7.1950650132425 	6.080734571892282 	-0.0690173957418376
2.439330639575991 	6.862310443876809 	7.195102932446086 	-0.5457929268783716
2.2259817999084923 	6.3572505345876476 	10.131036890820589 	-0.797913041436567
2.088108797269198 	5.927570595808384 	13.763129946138795 	-0.6580628359034748
1.7644130700092218 	5.622711872264884 	17.476088380343345 	-1.1753351095035962
1.3943306890181317 	5.741131335646423 	14.66548106880946 	-1.724810485543743
1.0773798649887754 	5.171641325466709 	15.29083385689774 	-1.8075448535857117
0.7094142613609454 	4.719147486147456 	32.662726064233105 	-2.251728152358626
0.4781426342148973 	4.302835254974611 	48.061453970871376 	-2.6212394719409238
-3.711079203442778 	3.156231833225178 	49.91459950872703 	-2.9040809503576557
-4.800356496610478 	2.3135633944558833 	37.838635064348004 	-3.424970919949451
-4.745893066731264 	2.2255187141614456 	30.350670347980227 	-3.3299392947577267
-6.651732810208643 	2.6952466068846404 	36.13787356050632 	-3.5326552568282548
-8.237495846951774 	3.25715845793641 	18.132771110845034 	-3.724631420893238
-8.48455375732046 	3.772734679497009 	9.32796084553039 	-3.9134145413727834
-8.499773432991175 	4.359867495189312 	2.382752592786926 	-4.169993611283263
-8.016980286785957 	6.120558528474799 	0.5824116048408703 	-4.407465775956974
